datetime_beginning_utc,datetime_beginning_ept,datetime_ending_utc,datetime_ending_ept,tie_line,actual_flow,sched_flow,inadv_flow
2021-09-21 04:00:00,2021-09-21 00:00:00,2021-09-21 05:00:00,2021-09-21 01:00:00,ALTE,-7.0,-25.0,-18.0
2021-09-21 04:00:00,2021-09-21 00:00:00,2021-09-21 05:00:00,2021-09-21 01:00:00,ALTW,-180.0,0.0,180.0
2021-09-21 04:00:00,2021-09-21 00:00:00,2021-09-21 05:00:00,2021-09-21 01:00:00,AMIL,179.0,-100.0,-279.0
2021-09-21 04:00:00,2021-09-21 00:00:00,2021-09-21 05:00:00,2021-09-21 01:00:00,CIN,-320.0,0.0,320.0
2021-09-21 04:00:00,2021-09-21 00:00:00,2021-09-21 05:00:00,2021-09-21 01:00:00,CPLE,-65.0,-84.0,-19.0
2021-09-21 04:00:00,2021-09-21 00:00:00,2021-09-21 05:00:00,2021-09-21 01:00:00,CPLW,-66.0,0.0,66.0
2021-09-21 04:00:00,2021-09-21 00:00:00,2021-09-21 05:00:00,2021-09-21 01:00:00,CWLP,-40.0,0.0,40.0
2021-09-21 04:00:00,2021-09-21 00:00:00,2021-09-21 05:00:00,2021-09-21 01:00:00,DUK,-158.0,53.0,211.0
2021-09-21 04:00:00,2021-09-21 00:00:00,2021-09-21 05:00:00,2021-09-21 01:00:00,HUDS,-630.3,-630.3,0.0
2021-09-21 04:00:00,2021-09-21 00:00:00,2021-09-21 05:00:00,2021-09-21 01:00:00,IPL,-31.0,0.0,31.0
2021-09-21 04:00:00,2021-09-21 00:00:00,2021-09-21 05:00:00,2021-09-21 01:00:00,LAGN,0.0,0.0,0.0
2021-09-21 04:00:00,2021-09-21 00:00:00,2021-09-21 05:00:00,2021-09-21 01:00:00,LGEE,310.0,-134.0,-444.0
2021-09-21 04:00:00,2021-09-21 00:00:00,2021-09-21 05:00:00,2021-09-21 01:00:00,LIND,-214.114,-214.114,0.0
2021-09-21 04:00:00,2021-09-21 00:00:00,2021-09-21 05:00:00,2021-09-21 01:00:00,MDU,0.0,55.0,55.0
2021-09-21 04:00:00,2021-09-21 00:00:00,2021-09-21 05:00:00,2021-09-21 01:00:00,MEC,-532.0,-661.0,-129.0
2021-09-21 04:00:00,2021-09-21 00:00:00,2021-09-21 05:00:00,2021-09-21 01:00:00,MECS,-1934.0,-204.0,1730.0
2021-09-21 04:00:00,2021-09-21 00:00:00,2021-09-21 05:00:00,2021-09-21 01:00:00,NEPT,-309.854,-309.854,0.0
2021-09-21 04:00:00,2021-09-21 00:00:00,2021-09-21 05:00:00,2021-09-21 01:00:00,NIPS,-348.0,-450.0,-102.0
2021-09-21 04:00:00,2021-09-21 00:00:00,2021-09-21 05:00:00,2021-09-21 01:00:00,NYIS,-494.822,-649.333,-154.511
2021-09-21 04:00:00,2021-09-21 00:00:00,2021-09-21 05:00:00,2021-09-21 01:00:00,SIGE,39.0,0.0,-39.0
2021-09-21 04:00:00,2021-09-21 00:00:00,2021-09-21 05:00:00,2021-09-21 01:00:00,TVA,499.0,0.0,-499.0
2021-09-21 04:00:00,2021-09-21 00:00:00,2021-09-21 05:00:00,2021-09-21 01:00:00,WEC,930.0,0.0,-930.0
2021-09-21 05:00:00,2021-09-21 01:00:00,2021-09-21 06:00:00,2021-09-21 02:00:00,ALTE,15.0,-500.5,-515.5
2021-09-21 05:00:00,2021-09-21 01:00:00,2021-09-21 06:00:00,2021-09-21 02:00:00,ALTW,-153.0,-75.0,78.0
2021-09-21 05:00:00,2021-09-21 01:00:00,2021-09-21 06:00:00,2021-09-21 02:00:00,AMIL,-6.0,-200.0,-194.0
2021-09-21 05:00:00,2021-09-21 01:00:00,2021-09-21 06:00:00,2021-09-21 02:00:00,CIN,-338.0,-225.0,113.0
2021-09-21 05:00:00,2021-09-21 01:00:00,2021-09-21 06:00:00,2021-09-21 02:00:00,CPLE,-113.0,-73.0,40.0
2021-09-21 05:00:00,2021-09-21 01:00:00,2021-09-21 06:00:00,2021-09-21 02:00:00,CPLW,-57.0,0.0,57.0
2021-09-21 05:00:00,2021-09-21 01:00:00,2021-09-21 06:00:00,2021-09-21 02:00:00,CWLP,-31.0,0.0,31.0
2021-09-21 05:00:00,2021-09-21 01:00:00,2021-09-21 06:00:00,2021-09-21 02:00:00,DUK,-125.0,78.0,203.0
2021-09-21 05:00:00,2021-09-21 01:00:00,2021-09-21 06:00:00,2021-09-21 02:00:00,HUDS,-609.612,-609.612,0.0
2021-09-21 05:00:00,2021-09-21 01:00:00,2021-09-21 06:00:00,2021-09-21 02:00:00,IPL,-81.0,0.0,81.0
2021-09-21 05:00:00,2021-09-21 01:00:00,2021-09-21 06:00:00,2021-09-21 02:00:00,LAGN,0.0,0.0,0.0
2021-09-21 05:00:00,2021-09-21 01:00:00,2021-09-21 06:00:00,2021-09-21 02:00:00,LGEE,268.0,-122.0,-390.0
2021-09-21 05:00:00,2021-09-21 01:00:00,2021-09-21 06:00:00,2021-09-21 02:00:00,LIND,-213.472,-213.472,0.0
2021-09-21 05:00:00,2021-09-21 01:00:00,2021-09-21 06:00:00,2021-09-21 02:00:00,MDU,0.0,20.0,20.0
2021-09-21 05:00:00,2021-09-21 01:00:00,2021-09-21 06:00:00,2021-09-21 02:00:00,MEC,-493.0,-661.0,-168.0
2021-09-21 05:00:00,2021-09-21 01:00:00,2021-09-21 06:00:00,2021-09-21 02:00:00,MECS,-2397.0,-515.0,1882.0
2021-09-21 05:00:00,2021-09-21 01:00:00,2021-09-21 06:00:00,2021-09-21 02:00:00,NEPT,-304.828,-304.828,0.0
2021-09-21 05:00:00,2021-09-21 01:00:00,2021-09-21 06:00:00,2021-09-21 02:00:00,NIPS,-304.0,-450.0,-146.0
2021-09-21 05:00:00,2021-09-21 01:00:00,2021-09-21 06:00:00,2021-09-21 02:00:00,NYIS,-544.235,-443.419,100.816
2021-09-21 05:00:00,2021-09-21 01:00:00,2021-09-21 06:00:00,2021-09-21 02:00:00,SIGE,34.0,0.0,-34.0
2021-09-21 05:00:00,2021-09-21 01:00:00,2021-09-21 06:00:00,2021-09-21 02:00:00,TVA,270.0,0.0,-270.0
2021-09-21 05:00:00,2021-09-21 01:00:00,2021-09-21 06:00:00,2021-09-21 02:00:00,WEC,840.0,-94.0,-934.0
2021-09-21 06:00:00,2021-09-21 02:00:00,2021-09-21 07:00:00,2021-09-21 03:00:00,ALTE,25.0,-743.0,-768.0
2021-09-21 06:00:00,2021-09-21 02:00:00,2021-09-21 07:00:00,2021-09-21 03:00:00,ALTW,-110.0,-100.0,10.0
2021-09-21 06:00:00,2021-09-21 02:00:00,2021-09-21 07:00:00,2021-09-21 03:00:00,AMIL,-22.0,-400.0,-378.0
2021-09-21 06:00:00,2021-09-21 02:00:00,2021-09-21 07:00:00,2021-09-21 03:00:00,CIN,-516.0,-300.0,216.0
2021-09-21 06:00:00,2021-09-21 02:00:00,2021-09-21 07:00:00,2021-09-21 03:00:00,CPLE,-290.0,-63.0,227.0
2021-09-21 06:00:00,2021-09-21 02:00:00,2021-09-21 07:00:00,2021-09-21 03:00:00,CPLW,-51.0,0.0,51.0
2021-09-21 06:00:00,2021-09-21 02:00:00,2021-09-21 07:00:00,2021-09-21 03:00:00,CWLP,-7.0,0.0,7.0
2021-09-21 06:00:00,2021-09-21 02:00:00,2021-09-21 07:00:00,2021-09-21 03:00:00,DUK,-126.0,98.0,224.0
2021-09-21 06:00:00,2021-09-21 02:00:00,2021-09-21 07:00:00,2021-09-21 03:00:00,HUDS,-668.868,-668.868,0.0
2021-09-21 06:00:00,2021-09-21 02:00:00,2021-09-21 07:00:00,2021-09-21 03:00:00,IPL,-235.0,0.0,235.0
2021-09-21 06:00:00,2021-09-21 02:00:00,2021-09-21 07:00:00,2021-09-21 03:00:00,LAGN,0.0,0.0,0.0
2021-09-21 06:00:00,2021-09-21 02:00:00,2021-09-21 07:00:00,2021-09-21 03:00:00,LGEE,176.0,-117.0,-293.0
2021-09-21 06:00:00,2021-09-21 02:00:00,2021-09-21 07:00:00,2021-09-21 03:00:00,LIND,-207.324,-207.324,0.0
2021-09-21 06:00:00,2021-09-21 02:00:00,2021-09-21 07:00:00,2021-09-21 03:00:00,MDU,0.0,3.0,3.0
2021-09-21 06:00:00,2021-09-21 02:00:00,2021-09-21 07:00:00,2021-09-21 03:00:00,MEC,-510.0,-661.0,-151.0
2021-09-21 06:00:00,2021-09-21 02:00:00,2021-09-21 07:00:00,2021-09-21 03:00:00,MECS,-2069.0,-527.0,1542.0
2021-09-21 06:00:00,2021-09-21 02:00:00,2021-09-21 07:00:00,2021-09-21 03:00:00,NEPT,-304.751,-304.751,0.0
2021-09-21 06:00:00,2021-09-21 02:00:00,2021-09-21 07:00:00,2021-09-21 03:00:00,NIPS,-391.0,-450.0,-59.0
2021-09-21 06:00:00,2021-09-21 02:00:00,2021-09-21 07:00:00,2021-09-21 03:00:00,NYIS,-688.187,-649.061,39.126
2021-09-21 06:00:00,2021-09-21 02:00:00,2021-09-21 07:00:00,2021-09-21 03:00:00,SIGE,32.0,0.0,-32.0
2021-09-21 06:00:00,2021-09-21 02:00:00,2021-09-21 07:00:00,2021-09-21 03:00:00,TVA,160.0,0.0,-160.0
2021-09-21 06:00:00,2021-09-21 02:00:00,2021-09-21 07:00:00,2021-09-21 03:00:00,WEC,649.0,-94.0,-743.0
2021-09-21 07:00:00,2021-09-21 03:00:00,2021-09-21 08:00:00,2021-09-21 04:00:00,ALTE,-9.0,-707.0,-698.0
2021-09-21 07:00:00,2021-09-21 03:00:00,2021-09-21 08:00:00,2021-09-21 04:00:00,ALTW,-29.0,-100.0,-71.0
2021-09-21 07:00:00,2021-09-21 03:00:00,2021-09-21 08:00:00,2021-09-21 04:00:00,AMIL,-59.0,-400.0,-341.0
2021-09-21 07:00:00,2021-09-21 03:00:00,2021-09-21 08:00:00,2021-09-21 04:00:00,CIN,-631.0,-300.0,331.0
2021-09-21 07:00:00,2021-09-21 03:00:00,2021-09-21 08:00:00,2021-09-21 04:00:00,CPLE,-236.0,-67.0,169.0
2021-09-21 07:00:00,2021-09-21 03:00:00,2021-09-21 08:00:00,2021-09-21 04:00:00,CPLW,-42.0,0.0,42.0
2021-09-21 07:00:00,2021-09-21 03:00:00,2021-09-21 08:00:00,2021-09-21 04:00:00,CWLP,4.0,0.0,-4.0
2021-09-21 07:00:00,2021-09-21 03:00:00,2021-09-21 08:00:00,2021-09-21 04:00:00,DUK,-64.0,103.0,167.0
2021-09-21 07:00:00,2021-09-21 03:00:00,2021-09-21 08:00:00,2021-09-21 04:00:00,HUDS,-670.224,-670.224,0.0
2021-09-21 07:00:00,2021-09-21 03:00:00,2021-09-21 08:00:00,2021-09-21 04:00:00,IPL,-302.0,0.0,302.0
2021-09-21 07:00:00,2021-09-21 03:00:00,2021-09-21 08:00:00,2021-09-21 04:00:00,LAGN,0.0,0.0,0.0
2021-09-21 07:00:00,2021-09-21 03:00:00,2021-09-21 08:00:00,2021-09-21 04:00:00,LGEE,135.0,-117.0,-252.0
2021-09-21 07:00:00,2021-09-21 03:00:00,2021-09-21 08:00:00,2021-09-21 04:00:00,LIND,-214.121,-214.121,0.0
2021-09-21 07:00:00,2021-09-21 03:00:00,2021-09-21 08:00:00,2021-09-21 04:00:00,MDU,0.0,3.0,3.0
2021-09-21 07:00:00,2021-09-21 03:00:00,2021-09-21 08:00:00,2021-09-21 04:00:00,MEC,-420.0,-661.0,-241.0
2021-09-21 07:00:00,2021-09-21 03:00:00,2021-09-21 08:00:00,2021-09-21 04:00:00,MECS,-1957.0,-352.0,1605.0
2021-09-21 07:00:00,2021-09-21 03:00:00,2021-09-21 08:00:00,2021-09-21 04:00:00,NEPT,-304.799,-304.799,0.0
2021-09-21 07:00:00,2021-09-21 03:00:00,2021-09-21 08:00:00,2021-09-21 04:00:00,NIPS,-480.0,-450.0,30.0
2021-09-21 07:00:00,2021-09-21 03:00:00,2021-09-21 08:00:00,2021-09-21 04:00:00,NYIS,-681.827,-650.286,31.541
2021-09-21 07:00:00,2021-09-21 03:00:00,2021-09-21 08:00:00,2021-09-21 04:00:00,SIGE,23.0,0.0,-23.0
2021-09-21 07:00:00,2021-09-21 03:00:00,2021-09-21 08:00:00,2021-09-21 04:00:00,TVA,265.0,0.0,-265.0
2021-09-21 07:00:00,2021-09-21 03:00:00,2021-09-21 08:00:00,2021-09-21 04:00:00,WEC,643.0,-44.0,-687.0
2021-09-21 08:00:00,2021-09-21 04:00:00,2021-09-21 09:00:00,2021-09-21 05:00:00,ALTE,23.0,-807.0,-830.0
2021-09-21 08:00:00,2021-09-21 04:00:00,2021-09-21 09:00:00,2021-09-21 05:00:00,ALTW,59.0,-100.0,-159.0
2021-09-21 08:00:00,2021-09-21 04:00:00,2021-09-21 09:00:00,2021-09-21 05:00:00,AMIL,33.0,-400.0,-433.0
2021-09-21 08:00:00,2021-09-21 04:00:00,2021-09-21 09:00:00,2021-09-21 05:00:00,CIN,-819.0,-300.0,519.0
2021-09-21 08:00:00,2021-09-21 04:00:00,2021-09-21 09:00:00,2021-09-21 05:00:00,CPLE,-231.0,-63.0,168.0
2021-09-21 08:00:00,2021-09-21 04:00:00,2021-09-21 09:00:00,2021-09-21 05:00:00,CPLW,-41.0,0.0,41.0
2021-09-21 08:00:00,2021-09-21 04:00:00,2021-09-21 09:00:00,2021-09-21 05:00:00,CWLP,20.0,0.0,-20.0
2021-09-21 08:00:00,2021-09-21 04:00:00,2021-09-21 09:00:00,2021-09-21 05:00:00,DUK,-40.0,98.0,138.0
2021-09-21 08:00:00,2021-09-21 04:00:00,2021-09-21 09:00:00,2021-09-21 05:00:00,HUDS,-670.26,-670.26,0.0
2021-09-21 08:00:00,2021-09-21 04:00:00,2021-09-21 09:00:00,2021-09-21 05:00:00,IPL,-461.0,0.0,461.0
2021-09-21 08:00:00,2021-09-21 04:00:00,2021-09-21 09:00:00,2021-09-21 05:00:00,LAGN,0.0,0.0,0.0
2021-09-21 08:00:00,2021-09-21 04:00:00,2021-09-21 09:00:00,2021-09-21 05:00:00,LGEE,48.0,-117.0,-165.0
2021-09-21 08:00:00,2021-09-21 04:00:00,2021-09-21 09:00:00,2021-09-21 05:00:00,LIND,-214.135,-214.135,0.0
2021-09-21 08:00:00,2021-09-21 04:00:00,2021-09-21 09:00:00,2021-09-21 05:00:00,MDU,0.0,4.0,4.0
2021-09-21 08:00:00,2021-09-21 04:00:00,2021-09-21 09:00:00,2021-09-21 05:00:00,MEC,-322.0,-661.0,-339.0
2021-09-21 08:00:00,2021-09-21 04:00:00,2021-09-21 09:00:00,2021-09-21 05:00:00,MECS,-2107.0,-352.0,1755.0
2021-09-21 08:00:00,2021-09-21 04:00:00,2021-09-21 09:00:00,2021-09-21 05:00:00,NEPT,-304.792,-304.792,0.0
2021-09-21 08:00:00,2021-09-21 04:00:00,2021-09-21 09:00:00,2021-09-21 05:00:00,NIPS,-630.0,-450.0,180.0
2021-09-21 08:00:00,2021-09-21 04:00:00,2021-09-21 09:00:00,2021-09-21 05:00:00,NYIS,-542.137,-601.531,-59.394
2021-09-21 08:00:00,2021-09-21 04:00:00,2021-09-21 09:00:00,2021-09-21 05:00:00,SIGE,4.0,0.0,-4.0
2021-09-21 08:00:00,2021-09-21 04:00:00,2021-09-21 09:00:00,2021-09-21 05:00:00,TVA,379.0,0.0,-379.0
2021-09-21 08:00:00,2021-09-21 04:00:00,2021-09-21 09:00:00,2021-09-21 05:00:00,WEC,813.0,-44.0,-857.0
2021-09-21 09:00:00,2021-09-21 05:00:00,2021-09-21 10:00:00,2021-09-21 06:00:00,ALTE,2.0,-806.0,-808.0
2021-09-21 09:00:00,2021-09-21 05:00:00,2021-09-21 10:00:00,2021-09-21 06:00:00,ALTW,43.0,-100.0,-143.0
2021-09-21 09:00:00,2021-09-21 05:00:00,2021-09-21 10:00:00,2021-09-21 06:00:00,AMIL,273.0,-550.0,-823.0
2021-09-21 09:00:00,2021-09-21 05:00:00,2021-09-21 10:00:00,2021-09-21 06:00:00,CIN,-863.0,-300.0,563.0
2021-09-21 09:00:00,2021-09-21 05:00:00,2021-09-21 10:00:00,2021-09-21 06:00:00,CPLE,-250.0,-65.0,185.0
2021-09-21 09:00:00,2021-09-21 05:00:00,2021-09-21 10:00:00,2021-09-21 06:00:00,CPLW,-55.0,0.0,55.0
2021-09-21 09:00:00,2021-09-21 05:00:00,2021-09-21 10:00:00,2021-09-21 06:00:00,CWLP,18.0,0.0,-18.0
2021-09-21 09:00:00,2021-09-21 05:00:00,2021-09-21 10:00:00,2021-09-21 06:00:00,DUK,-87.0,58.0,145.0
2021-09-21 09:00:00,2021-09-21 05:00:00,2021-09-21 10:00:00,2021-09-21 06:00:00,HUDS,-670.212,-670.212,0.0
2021-09-21 09:00:00,2021-09-21 05:00:00,2021-09-21 10:00:00,2021-09-21 06:00:00,IPL,-535.0,0.0,535.0
2021-09-21 09:00:00,2021-09-21 05:00:00,2021-09-21 10:00:00,2021-09-21 06:00:00,LAGN,0.0,0.0,0.0
2021-09-21 09:00:00,2021-09-21 05:00:00,2021-09-21 10:00:00,2021-09-21 06:00:00,LGEE,11.0,-122.0,-133.0
2021-09-21 09:00:00,2021-09-21 05:00:00,2021-09-21 10:00:00,2021-09-21 06:00:00,LIND,-214.157,-214.157,0.0
2021-09-21 09:00:00,2021-09-21 05:00:00,2021-09-21 10:00:00,2021-09-21 06:00:00,MDU,0.0,1.0,1.0
2021-09-21 09:00:00,2021-09-21 05:00:00,2021-09-21 10:00:00,2021-09-21 06:00:00,MEC,-309.0,-661.0,-352.0
2021-09-21 09:00:00,2021-09-21 05:00:00,2021-09-21 10:00:00,2021-09-21 06:00:00,MECS,-2449.0,-352.0,2097.0
2021-09-21 09:00:00,2021-09-21 05:00:00,2021-09-21 10:00:00,2021-09-21 06:00:00,NEPT,-304.817,-304.817,0.0
2021-09-21 09:00:00,2021-09-21 05:00:00,2021-09-21 10:00:00,2021-09-21 06:00:00,NIPS,-655.0,-450.0,205.0
2021-09-21 09:00:00,2021-09-21 05:00:00,2021-09-21 10:00:00,2021-09-21 06:00:00,NYIS,-299.871,-404.349,-104.478
2021-09-21 09:00:00,2021-09-21 05:00:00,2021-09-21 10:00:00,2021-09-21 06:00:00,SIGE,9.0,0.0,-9.0
2021-09-21 09:00:00,2021-09-21 05:00:00,2021-09-21 10:00:00,2021-09-21 06:00:00,TVA,505.0,0.0,-505.0
2021-09-21 09:00:00,2021-09-21 05:00:00,2021-09-21 10:00:00,2021-09-21 06:00:00,WEC,804.0,-44.0,-848.0
2021-09-21 10:00:00,2021-09-21 06:00:00,2021-09-21 11:00:00,2021-09-21 07:00:00,ALTE,-48.0,-634.0,-586.0
2021-09-21 10:00:00,2021-09-21 06:00:00,2021-09-21 11:00:00,2021-09-21 07:00:00,ALTW,-54.0,-100.0,-46.0
2021-09-21 10:00:00,2021-09-21 06:00:00,2021-09-21 11:00:00,2021-09-21 07:00:00,AMIL,353.0,-562.5,-915.5
2021-09-21 10:00:00,2021-09-21 06:00:00,2021-09-21 11:00:00,2021-09-21 07:00:00,CIN,-874.0,-300.0,574.0
2021-09-21 10:00:00,2021-09-21 06:00:00,2021-09-21 11:00:00,2021-09-21 07:00:00,CPLE,-312.0,-75.0,237.0
2021-09-21 10:00:00,2021-09-21 06:00:00,2021-09-21 11:00:00,2021-09-21 07:00:00,CPLW,-63.0,0.0,63.0
2021-09-21 10:00:00,2021-09-21 06:00:00,2021-09-21 11:00:00,2021-09-21 07:00:00,CWLP,14.0,0.0,-14.0
2021-09-21 10:00:00,2021-09-21 06:00:00,2021-09-21 11:00:00,2021-09-21 07:00:00,DUK,-170.0,34.0,204.0
2021-09-21 10:00:00,2021-09-21 06:00:00,2021-09-21 11:00:00,2021-09-21 07:00:00,HUDS,-670.332,-670.332,0.0
2021-09-21 10:00:00,2021-09-21 06:00:00,2021-09-21 11:00:00,2021-09-21 07:00:00,IPL,-499.0,0.0,499.0
2021-09-21 10:00:00,2021-09-21 06:00:00,2021-09-21 11:00:00,2021-09-21 07:00:00,LAGN,0.0,0.0,0.0
2021-09-21 10:00:00,2021-09-21 06:00:00,2021-09-21 11:00:00,2021-09-21 07:00:00,LGEE,115.0,-122.0,-237.0
2021-09-21 10:00:00,2021-09-21 06:00:00,2021-09-21 11:00:00,2021-09-21 07:00:00,LIND,-214.164,-214.164,0.0
2021-09-21 10:00:00,2021-09-21 06:00:00,2021-09-21 11:00:00,2021-09-21 07:00:00,MDU,0.0,0.0,0.0
2021-09-21 10:00:00,2021-09-21 06:00:00,2021-09-21 11:00:00,2021-09-21 07:00:00,MEC,-368.0,-661.0,-293.0
2021-09-21 10:00:00,2021-09-21 06:00:00,2021-09-21 11:00:00,2021-09-21 07:00:00,MECS,-2260.0,-352.0,1908.0
2021-09-21 10:00:00,2021-09-21 06:00:00,2021-09-21 11:00:00,2021-09-21 07:00:00,NEPT,-307.062,-307.062,0.0
2021-09-21 10:00:00,2021-09-21 06:00:00,2021-09-21 11:00:00,2021-09-21 07:00:00,NIPS,-705.0,-450.0,255.0
2021-09-21 10:00:00,2021-09-21 06:00:00,2021-09-21 11:00:00,2021-09-21 07:00:00,NYIS,-227.813,-133.853,93.96
2021-09-21 10:00:00,2021-09-21 06:00:00,2021-09-21 11:00:00,2021-09-21 07:00:00,SIGE,19.0,0.0,-19.0
2021-09-21 10:00:00,2021-09-21 06:00:00,2021-09-21 11:00:00,2021-09-21 07:00:00,TVA,604.0,0.0,-604.0
2021-09-21 10:00:00,2021-09-21 06:00:00,2021-09-21 11:00:00,2021-09-21 07:00:00,WEC,886.0,8.5,-877.5
2021-09-21 11:00:00,2021-09-21 07:00:00,2021-09-21 12:00:00,2021-09-21 08:00:00,ALTE,-37.0,-266.5,-229.5
2021-09-21 11:00:00,2021-09-21 07:00:00,2021-09-21 12:00:00,2021-09-21 08:00:00,ALTW,-191.0,0.0,191.0
2021-09-21 11:00:00,2021-09-21 07:00:00,2021-09-21 12:00:00,2021-09-21 08:00:00,AMIL,271.0,-550.0,-821.0
2021-09-21 11:00:00,2021-09-21 07:00:00,2021-09-21 12:00:00,2021-09-21 08:00:00,CIN,-991.0,-425.0,566.0
2021-09-21 11:00:00,2021-09-21 07:00:00,2021-09-21 12:00:00,2021-09-21 08:00:00,CPLE,-324.0,-79.0,245.0
2021-09-21 11:00:00,2021-09-21 07:00:00,2021-09-21 12:00:00,2021-09-21 08:00:00,CPLW,-51.0,0.0,51.0
2021-09-21 11:00:00,2021-09-21 07:00:00,2021-09-21 12:00:00,2021-09-21 08:00:00,CWLP,4.0,0.0,-4.0
2021-09-21 11:00:00,2021-09-21 07:00:00,2021-09-21 12:00:00,2021-09-21 08:00:00,DUK,-37.0,-64.0,-27.0
2021-09-21 11:00:00,2021-09-21 07:00:00,2021-09-21 12:00:00,2021-09-21 08:00:00,HUDS,-670.38,-670.38,0.0
2021-09-21 11:00:00,2021-09-21 07:00:00,2021-09-21 12:00:00,2021-09-21 08:00:00,IPL,-400.0,0.0,400.0
2021-09-21 11:00:00,2021-09-21 07:00:00,2021-09-21 12:00:00,2021-09-21 08:00:00,LAGN,0.0,0.0,0.0
2021-09-21 11:00:00,2021-09-21 07:00:00,2021-09-21 12:00:00,2021-09-21 08:00:00,LGEE,169.0,-120.0,-289.0
2021-09-21 11:00:00,2021-09-21 07:00:00,2021-09-21 12:00:00,2021-09-21 08:00:00,LIND,-214.164,-214.164,0.0
2021-09-21 11:00:00,2021-09-21 07:00:00,2021-09-21 12:00:00,2021-09-21 08:00:00,MDU,0.0,0.0,0.0
2021-09-21 11:00:00,2021-09-21 07:00:00,2021-09-21 12:00:00,2021-09-21 08:00:00,MEC,-502.0,-661.0,-159.0
2021-09-21 11:00:00,2021-09-21 07:00:00,2021-09-21 12:00:00,2021-09-21 08:00:00,MECS,-1753.0,-2.0,1751.0
2021-09-21 11:00:00,2021-09-21 07:00:00,2021-09-21 12:00:00,2021-09-21 08:00:00,NEPT,-304.771,-304.771,0.0
2021-09-21 11:00:00,2021-09-21 07:00:00,2021-09-21 12:00:00,2021-09-21 08:00:00,NIPS,-780.0,-450.0,330.0
2021-09-21 11:00:00,2021-09-21 07:00:00,2021-09-21 12:00:00,2021-09-21 08:00:00,NYIS,-632.614,-624.979,7.635
2021-09-21 11:00:00,2021-09-21 07:00:00,2021-09-21 12:00:00,2021-09-21 08:00:00,SIGE,7.0,0.0,-7.0
2021-09-21 11:00:00,2021-09-21 07:00:00,2021-09-21 12:00:00,2021-09-21 08:00:00,TVA,784.0,0.0,-784.0
2021-09-21 11:00:00,2021-09-21 07:00:00,2021-09-21 12:00:00,2021-09-21 08:00:00,WEC,1088.0,-84.0,-1172.0
2021-09-21 12:00:00,2021-09-21 08:00:00,2021-09-21 13:00:00,2021-09-21 09:00:00,ALTE,-62.0,-26.0,36.0
2021-09-21 12:00:00,2021-09-21 08:00:00,2021-09-21 13:00:00,2021-09-21 09:00:00,ALTW,-373.0,0.0,373.0
2021-09-21 12:00:00,2021-09-21 08:00:00,2021-09-21 13:00:00,2021-09-21 09:00:00,AMIL,390.0,-550.0,-940.0
2021-09-21 12:00:00,2021-09-21 08:00:00,2021-09-21 13:00:00,2021-09-21 09:00:00,CIN,-844.0,-475.0,369.0
2021-09-21 12:00:00,2021-09-21 08:00:00,2021-09-21 13:00:00,2021-09-21 09:00:00,CPLE,-467.0,-77.0,390.0
2021-09-21 12:00:00,2021-09-21 08:00:00,2021-09-21 13:00:00,2021-09-21 09:00:00,CPLW,-34.0,0.0,34.0
2021-09-21 12:00:00,2021-09-21 08:00:00,2021-09-21 13:00:00,2021-09-21 09:00:00,CWLP,-15.0,0.0,15.0
2021-09-21 12:00:00,2021-09-21 08:00:00,2021-09-21 13:00:00,2021-09-21 09:00:00,DUK,121.0,-57.0,-178.0
2021-09-21 12:00:00,2021-09-21 08:00:00,2021-09-21 13:00:00,2021-09-21 09:00:00,HUDS,-668.82,-668.82,0.0
2021-09-21 12:00:00,2021-09-21 08:00:00,2021-09-21 13:00:00,2021-09-21 09:00:00,IPL,-352.0,0.0,352.0
2021-09-21 12:00:00,2021-09-21 08:00:00,2021-09-21 13:00:00,2021-09-21 09:00:00,LAGN,0.0,0.0,0.0
2021-09-21 12:00:00,2021-09-21 08:00:00,2021-09-21 13:00:00,2021-09-21 09:00:00,LGEE,184.0,-120.0,-304.0
2021-09-21 12:00:00,2021-09-21 08:00:00,2021-09-21 13:00:00,2021-09-21 09:00:00,LIND,-214.15,-214.15,0.0
2021-09-21 12:00:00,2021-09-21 08:00:00,2021-09-21 13:00:00,2021-09-21 09:00:00,MDU,0.0,0.0,0.0
2021-09-21 12:00:00,2021-09-21 08:00:00,2021-09-21 13:00:00,2021-09-21 09:00:00,MEC,-649.0,-661.0,-12.0
2021-09-21 12:00:00,2021-09-21 08:00:00,2021-09-21 13:00:00,2021-09-21 09:00:00,MECS,-1443.0,-2.0,1441.0
2021-09-21 12:00:00,2021-09-21 08:00:00,2021-09-21 13:00:00,2021-09-21 09:00:00,NEPT,-324.998,-324.998,0.0
2021-09-21 12:00:00,2021-09-21 08:00:00,2021-09-21 13:00:00,2021-09-21 09:00:00,NIPS,-713.0,-450.0,263.0
2021-09-21 12:00:00,2021-09-21 08:00:00,2021-09-21 13:00:00,2021-09-21 09:00:00,NYIS,-651.184,-530.19,120.994
2021-09-21 12:00:00,2021-09-21 08:00:00,2021-09-21 13:00:00,2021-09-21 09:00:00,SIGE,4.0,0.0,-4.0
2021-09-21 12:00:00,2021-09-21 08:00:00,2021-09-21 13:00:00,2021-09-21 09:00:00,TVA,820.0,0.0,-820.0
2021-09-21 12:00:00,2021-09-21 08:00:00,2021-09-21 13:00:00,2021-09-21 09:00:00,WEC,993.0,-90.0,-1083.0
2021-09-21 13:00:00,2021-09-21 09:00:00,2021-09-21 14:00:00,2021-09-21 10:00:00,ALTE,-155.0,-101.0,54.0
2021-09-21 13:00:00,2021-09-21 09:00:00,2021-09-21 14:00:00,2021-09-21 10:00:00,ALTW,-545.0,0.0,545.0
2021-09-21 13:00:00,2021-09-21 09:00:00,2021-09-21 14:00:00,2021-09-21 10:00:00,AMIL,465.0,-600.0,-1065.0
2021-09-21 13:00:00,2021-09-21 09:00:00,2021-09-21 14:00:00,2021-09-21 10:00:00,CIN,-655.0,-575.0,80.0
2021-09-21 13:00:00,2021-09-21 09:00:00,2021-09-21 14:00:00,2021-09-21 10:00:00,CPLE,-622.0,-80.0,542.0
2021-09-21 13:00:00,2021-09-21 09:00:00,2021-09-21 14:00:00,2021-09-21 10:00:00,CPLW,-39.0,0.0,39.0
2021-09-21 13:00:00,2021-09-21 09:00:00,2021-09-21 14:00:00,2021-09-21 10:00:00,CWLP,-33.0,0.0,33.0
2021-09-21 13:00:00,2021-09-21 09:00:00,2021-09-21 14:00:00,2021-09-21 10:00:00,DUK,143.0,-20.0,-163.0
2021-09-21 13:00:00,2021-09-21 09:00:00,2021-09-21 14:00:00,2021-09-21 10:00:00,HUDS,-614.34,-614.34,0.0
2021-09-21 13:00:00,2021-09-21 09:00:00,2021-09-21 14:00:00,2021-09-21 10:00:00,IPL,-354.0,0.0,354.0
2021-09-21 13:00:00,2021-09-21 09:00:00,2021-09-21 14:00:00,2021-09-21 10:00:00,LAGN,0.0,0.0,0.0
2021-09-21 13:00:00,2021-09-21 09:00:00,2021-09-21 14:00:00,2021-09-21 10:00:00,LGEE,182.0,-120.0,-302.0
2021-09-21 13:00:00,2021-09-21 09:00:00,2021-09-21 14:00:00,2021-09-21 10:00:00,LIND,-214.185,-214.185,0.0
2021-09-21 13:00:00,2021-09-21 09:00:00,2021-09-21 14:00:00,2021-09-21 10:00:00,MDU,0.0,27.0,27.0
2021-09-21 13:00:00,2021-09-21 09:00:00,2021-09-21 14:00:00,2021-09-21 10:00:00,MEC,-786.0,-661.0,125.0
2021-09-21 13:00:00,2021-09-21 09:00:00,2021-09-21 14:00:00,2021-09-21 10:00:00,MECS,-1193.0,-156.5,1036.5
2021-09-21 13:00:00,2021-09-21 09:00:00,2021-09-21 14:00:00,2021-09-21 10:00:00,NEPT,-333.866,-333.866,0.0
2021-09-21 13:00:00,2021-09-21 09:00:00,2021-09-21 14:00:00,2021-09-21 10:00:00,NIPS,-710.0,-450.0,260.0
2021-09-21 13:00:00,2021-09-21 09:00:00,2021-09-21 14:00:00,2021-09-21 10:00:00,NYIS,-675.991,-538.114,137.877
2021-09-21 13:00:00,2021-09-21 09:00:00,2021-09-21 14:00:00,2021-09-21 10:00:00,SIGE,7.0,0.0,-7.0
2021-09-21 13:00:00,2021-09-21 09:00:00,2021-09-21 14:00:00,2021-09-21 10:00:00,TVA,784.0,58.0,-726.0
2021-09-21 13:00:00,2021-09-21 09:00:00,2021-09-21 14:00:00,2021-09-21 10:00:00,WEC,820.0,-90.0,-910.0
2021-09-21 14:00:00,2021-09-21 10:00:00,2021-09-21 15:00:00,2021-09-21 11:00:00,ALTE,-186.0,-375.0,-189.0
2021-09-21 14:00:00,2021-09-21 10:00:00,2021-09-21 15:00:00,2021-09-21 11:00:00,ALTW,-648.0,0.0,648.0
2021-09-21 14:00:00,2021-09-21 10:00:00,2021-09-21 15:00:00,2021-09-21 11:00:00,AMIL,315.0,-475.0,-790.0
2021-09-21 14:00:00,2021-09-21 10:00:00,2021-09-21 15:00:00,2021-09-21 11:00:00,CIN,-629.0,-925.0,-296.0
2021-09-21 14:00:00,2021-09-21 10:00:00,2021-09-21 15:00:00,2021-09-21 11:00:00,CPLE,-825.0,-91.25,733.75
2021-09-21 14:00:00,2021-09-21 10:00:00,2021-09-21 15:00:00,2021-09-21 11:00:00,CPLW,-42.0,0.0,42.0
2021-09-21 14:00:00,2021-09-21 10:00:00,2021-09-21 15:00:00,2021-09-21 11:00:00,CWLP,-41.0,0.0,41.0
2021-09-21 14:00:00,2021-09-21 10:00:00,2021-09-21 15:00:00,2021-09-21 11:00:00,DUK,112.0,6.0,-106.0
2021-09-21 14:00:00,2021-09-21 10:00:00,2021-09-21 15:00:00,2021-09-21 11:00:00,HUDS,-542.244,-542.244,0.0
2021-09-21 14:00:00,2021-09-21 10:00:00,2021-09-21 15:00:00,2021-09-21 11:00:00,IPL,-395.0,0.0,395.0
2021-09-21 14:00:00,2021-09-21 10:00:00,2021-09-21 15:00:00,2021-09-21 11:00:00,LAGN,0.0,0.0,0.0
2021-09-21 14:00:00,2021-09-21 10:00:00,2021-09-21 15:00:00,2021-09-21 11:00:00,LGEE,160.0,-120.0,-280.0
2021-09-21 14:00:00,2021-09-21 10:00:00,2021-09-21 15:00:00,2021-09-21 11:00:00,LIND,-214.172,-214.172,0.0
2021-09-21 14:00:00,2021-09-21 10:00:00,2021-09-21 15:00:00,2021-09-21 11:00:00,MDU,0.0,10.0,10.0
2021-09-21 14:00:00,2021-09-21 10:00:00,2021-09-21 15:00:00,2021-09-21 11:00:00,MEC,-879.0,-661.0,218.0
2021-09-21 14:00:00,2021-09-21 10:00:00,2021-09-21 15:00:00,2021-09-21 11:00:00,MECS,-819.0,-418.5,400.5
2021-09-21 14:00:00,2021-09-21 10:00:00,2021-09-21 15:00:00,2021-09-21 11:00:00,NEPT,-380.413,-380.413,0.0
2021-09-21 14:00:00,2021-09-21 10:00:00,2021-09-21 15:00:00,2021-09-21 11:00:00,NIPS,-811.0,-450.0,361.0
2021-09-21 14:00:00,2021-09-21 10:00:00,2021-09-21 15:00:00,2021-09-21 11:00:00,NYIS,-737.738,-538.051,199.687
2021-09-21 14:00:00,2021-09-21 10:00:00,2021-09-21 15:00:00,2021-09-21 11:00:00,SIGE,6.0,0.0,-6.0
2021-09-21 14:00:00,2021-09-21 10:00:00,2021-09-21 15:00:00,2021-09-21 11:00:00,TVA,589.0,58.0,-531.0
2021-09-21 14:00:00,2021-09-21 10:00:00,2021-09-21 15:00:00,2021-09-21 11:00:00,WEC,824.0,-90.0,-914.0
2021-09-21 15:00:00,2021-09-21 11:00:00,2021-09-21 16:00:00,2021-09-21 12:00:00,ALTE,-158.0,-401.0,-243.0
2021-09-21 15:00:00,2021-09-21 11:00:00,2021-09-21 16:00:00,2021-09-21 12:00:00,ALTW,-669.0,0.0,669.0
2021-09-21 15:00:00,2021-09-21 11:00:00,2021-09-21 16:00:00,2021-09-21 12:00:00,AMIL,241.0,-433.0,-674.0
2021-09-21 15:00:00,2021-09-21 11:00:00,2021-09-21 16:00:00,2021-09-21 12:00:00,CIN,-597.0,-1050.0,-453.0
2021-09-21 15:00:00,2021-09-21 11:00:00,2021-09-21 16:00:00,2021-09-21 12:00:00,CPLE,-880.0,-173.0,707.0
2021-09-21 15:00:00,2021-09-21 11:00:00,2021-09-21 16:00:00,2021-09-21 12:00:00,CPLW,-35.0,0.0,35.0
2021-09-21 15:00:00,2021-09-21 11:00:00,2021-09-21 16:00:00,2021-09-21 12:00:00,CWLP,-38.0,0.0,38.0
2021-09-21 15:00:00,2021-09-21 11:00:00,2021-09-21 16:00:00,2021-09-21 12:00:00,DUK,195.0,14.0,-181.0
2021-09-21 15:00:00,2021-09-21 11:00:00,2021-09-21 16:00:00,2021-09-21 12:00:00,HUDS,-470.208,-470.208,0.0
2021-09-21 15:00:00,2021-09-21 11:00:00,2021-09-21 16:00:00,2021-09-21 12:00:00,IPL,-456.0,0.0,456.0
2021-09-21 15:00:00,2021-09-21 11:00:00,2021-09-21 16:00:00,2021-09-21 12:00:00,LAGN,0.0,0.0,0.0
2021-09-21 15:00:00,2021-09-21 11:00:00,2021-09-21 16:00:00,2021-09-21 12:00:00,LGEE,75.0,-120.0,-195.0
2021-09-21 15:00:00,2021-09-21 11:00:00,2021-09-21 16:00:00,2021-09-21 12:00:00,LIND,-214.185,-214.185,0.0
2021-09-21 15:00:00,2021-09-21 11:00:00,2021-09-21 16:00:00,2021-09-21 12:00:00,MDU,0.0,11.0,11.0
2021-09-21 15:00:00,2021-09-21 11:00:00,2021-09-21 16:00:00,2021-09-21 12:00:00,MEC,-963.0,-661.0,302.0
2021-09-21 15:00:00,2021-09-21 11:00:00,2021-09-21 16:00:00,2021-09-21 12:00:00,MECS,-682.0,-467.75,214.25
2021-09-21 15:00:00,2021-09-21 11:00:00,2021-09-21 16:00:00,2021-09-21 12:00:00,NEPT,-381.74,-381.74,0.0
2021-09-21 15:00:00,2021-09-21 11:00:00,2021-09-21 16:00:00,2021-09-21 12:00:00,NIPS,-835.0,-450.0,385.0
2021-09-21 15:00:00,2021-09-21 11:00:00,2021-09-21 16:00:00,2021-09-21 12:00:00,NYIS,-830.419,-578.172,252.247
2021-09-21 15:00:00,2021-09-21 11:00:00,2021-09-21 16:00:00,2021-09-21 12:00:00,SIGE,3.0,0.0,-3.0
2021-09-21 15:00:00,2021-09-21 11:00:00,2021-09-21 16:00:00,2021-09-21 12:00:00,TVA,555.0,58.0,-497.0
2021-09-21 15:00:00,2021-09-21 11:00:00,2021-09-21 16:00:00,2021-09-21 12:00:00,WEC,918.0,100.0,-818.0
2021-09-21 16:00:00,2021-09-21 12:00:00,2021-09-21 17:00:00,2021-09-21 13:00:00,ALTE,-101.0,-401.0,-300.0
2021-09-21 16:00:00,2021-09-21 12:00:00,2021-09-21 17:00:00,2021-09-21 13:00:00,ALTW,-549.0,0.0,549.0
2021-09-21 16:00:00,2021-09-21 12:00:00,2021-09-21 17:00:00,2021-09-21 13:00:00,AMIL,544.0,-418.75,-962.75
2021-09-21 16:00:00,2021-09-21 12:00:00,2021-09-21 17:00:00,2021-09-21 13:00:00,CIN,-575.0,-912.5,-337.5
2021-09-21 16:00:00,2021-09-21 12:00:00,2021-09-21 17:00:00,2021-09-21 13:00:00,CPLE,-803.0,-84.0,719.0
2021-09-21 16:00:00,2021-09-21 12:00:00,2021-09-21 17:00:00,2021-09-21 13:00:00,CPLW,-23.0,0.0,23.0
2021-09-21 16:00:00,2021-09-21 12:00:00,2021-09-21 17:00:00,2021-09-21 13:00:00,CWLP,-27.0,0.0,27.0
2021-09-21 16:00:00,2021-09-21 12:00:00,2021-09-21 17:00:00,2021-09-21 13:00:00,DUK,299.0,34.0,-265.0
2021-09-21 16:00:00,2021-09-21 12:00:00,2021-09-21 17:00:00,2021-09-21 13:00:00,HUDS,-488.556,-488.556,0.0
2021-09-21 16:00:00,2021-09-21 12:00:00,2021-09-21 17:00:00,2021-09-21 13:00:00,IPL,-477.0,0.0,477.0
2021-09-21 16:00:00,2021-09-21 12:00:00,2021-09-21 17:00:00,2021-09-21 13:00:00,LAGN,0.0,0.0,0.0
2021-09-21 16:00:00,2021-09-21 12:00:00,2021-09-21 17:00:00,2021-09-21 13:00:00,LGEE,82.0,-120.0,-202.0
2021-09-21 16:00:00,2021-09-21 12:00:00,2021-09-21 17:00:00,2021-09-21 13:00:00,LIND,-214.215,-214.215,0.0
2021-09-21 16:00:00,2021-09-21 12:00:00,2021-09-21 17:00:00,2021-09-21 13:00:00,MDU,0.0,21.0,21.0
2021-09-21 16:00:00,2021-09-21 12:00:00,2021-09-21 17:00:00,2021-09-21 13:00:00,MEC,-875.0,-661.0,214.0
2021-09-21 16:00:00,2021-09-21 12:00:00,2021-09-21 17:00:00,2021-09-21 13:00:00,MECS,-1313.0,-377.75,935.25
2021-09-21 16:00:00,2021-09-21 12:00:00,2021-09-21 17:00:00,2021-09-21 13:00:00,NEPT,-381.644,-381.644,0.0
2021-09-21 16:00:00,2021-09-21 12:00:00,2021-09-21 17:00:00,2021-09-21 13:00:00,NIPS,-744.0,-450.0,294.0
2021-09-21 16:00:00,2021-09-21 12:00:00,2021-09-21 17:00:00,2021-09-21 13:00:00,NYIS,-922.208,-699.974,222.234
2021-09-21 16:00:00,2021-09-21 12:00:00,2021-09-21 17:00:00,2021-09-21 13:00:00,SIGE,2.0,0.0,-2.0
2021-09-21 16:00:00,2021-09-21 12:00:00,2021-09-21 17:00:00,2021-09-21 13:00:00,TVA,533.0,58.0,-475.0
2021-09-21 16:00:00,2021-09-21 12:00:00,2021-09-21 17:00:00,2021-09-21 13:00:00,WEC,991.0,100.0,-891.0
2021-09-21 17:00:00,2021-09-21 13:00:00,2021-09-21 18:00:00,2021-09-21 14:00:00,ALTE,-84.0,-401.0,-317.0
2021-09-21 17:00:00,2021-09-21 13:00:00,2021-09-21 18:00:00,2021-09-21 14:00:00,ALTW,-422.0,0.0,422.0
2021-09-21 17:00:00,2021-09-21 13:00:00,2021-09-21 18:00:00,2021-09-21 14:00:00,AMIL,572.0,-400.0,-972.0
2021-09-21 17:00:00,2021-09-21 13:00:00,2021-09-21 18:00:00,2021-09-21 14:00:00,CIN,-593.0,-975.0,-382.0
2021-09-21 17:00:00,2021-09-21 13:00:00,2021-09-21 18:00:00,2021-09-21 14:00:00,CPLE,-820.0,-112.0,708.0
2021-09-21 17:00:00,2021-09-21 13:00:00,2021-09-21 18:00:00,2021-09-21 14:00:00,CPLW,-36.0,0.0,36.0
2021-09-21 17:00:00,2021-09-21 13:00:00,2021-09-21 18:00:00,2021-09-21 14:00:00,CWLP,-20.0,0.0,20.0
2021-09-21 17:00:00,2021-09-21 13:00:00,2021-09-21 18:00:00,2021-09-21 14:00:00,DUK,213.0,55.0,-158.0
2021-09-21 17:00:00,2021-09-21 13:00:00,2021-09-21 18:00:00,2021-09-21 14:00:00,HUDS,-583.524,-583.524,0.0
2021-09-21 17:00:00,2021-09-21 13:00:00,2021-09-21 18:00:00,2021-09-21 14:00:00,IPL,-520.0,0.0,520.0
2021-09-21 17:00:00,2021-09-21 13:00:00,2021-09-21 18:00:00,2021-09-21 14:00:00,LAGN,0.0,0.0,0.0
2021-09-21 17:00:00,2021-09-21 13:00:00,2021-09-21 18:00:00,2021-09-21 14:00:00,LGEE,-59.0,-120.0,-61.0
2021-09-21 17:00:00,2021-09-21 13:00:00,2021-09-21 18:00:00,2021-09-21 14:00:00,LIND,-214.207,-214.207,0.0
2021-09-21 17:00:00,2021-09-21 13:00:00,2021-09-21 18:00:00,2021-09-21 14:00:00,MDU,0.0,21.0,21.0
2021-09-21 17:00:00,2021-09-21 13:00:00,2021-09-21 18:00:00,2021-09-21 14:00:00,MEC,-808.0,-661.0,147.0
2021-09-21 17:00:00,2021-09-21 13:00:00,2021-09-21 18:00:00,2021-09-21 14:00:00,MECS,-1077.0,-438.5,638.5
2021-09-21 17:00:00,2021-09-21 13:00:00,2021-09-21 18:00:00,2021-09-21 14:00:00,NEPT,-381.634,-381.634,0.0
2021-09-21 17:00:00,2021-09-21 13:00:00,2021-09-21 18:00:00,2021-09-21 14:00:00,NIPS,-785.0,-450.0,335.0
2021-09-21 17:00:00,2021-09-21 13:00:00,2021-09-21 18:00:00,2021-09-21 14:00:00,NYIS,-723.175,-595.009,128.166
2021-09-21 17:00:00,2021-09-21 13:00:00,2021-09-21 18:00:00,2021-09-21 14:00:00,SIGE,7.0,0.0,-7.0
2021-09-21 17:00:00,2021-09-21 13:00:00,2021-09-21 18:00:00,2021-09-21 14:00:00,TVA,299.0,58.0,-241.0
2021-09-21 17:00:00,2021-09-21 13:00:00,2021-09-21 18:00:00,2021-09-21 14:00:00,WEC,1026.0,200.0,-826.0
2021-09-21 18:00:00,2021-09-21 14:00:00,2021-09-21 19:00:00,2021-09-21 15:00:00,ALTE,14.0,-401.0,-415.0
2021-09-21 18:00:00,2021-09-21 14:00:00,2021-09-21 19:00:00,2021-09-21 15:00:00,ALTW,-321.0,0.0,321.0
2021-09-21 18:00:00,2021-09-21 14:00:00,2021-09-21 19:00:00,2021-09-21 15:00:00,AMIL,757.0,-400.0,-1157.0
2021-09-21 18:00:00,2021-09-21 14:00:00,2021-09-21 19:00:00,2021-09-21 15:00:00,CIN,-611.0,-475.0,136.0
2021-09-21 18:00:00,2021-09-21 14:00:00,2021-09-21 19:00:00,2021-09-21 15:00:00,CPLE,-727.0,-67.0,660.0
2021-09-21 18:00:00,2021-09-21 14:00:00,2021-09-21 19:00:00,2021-09-21 15:00:00,CPLW,-29.0,0.0,29.0
2021-09-21 18:00:00,2021-09-21 14:00:00,2021-09-21 19:00:00,2021-09-21 15:00:00,CWLP,-12.0,0.0,12.0
2021-09-21 18:00:00,2021-09-21 14:00:00,2021-09-21 19:00:00,2021-09-21 15:00:00,DUK,248.0,61.0,-187.0
2021-09-21 18:00:00,2021-09-21 14:00:00,2021-09-21 19:00:00,2021-09-21 15:00:00,HUDS,-668.628,-668.628,0.0
2021-09-21 18:00:00,2021-09-21 14:00:00,2021-09-21 19:00:00,2021-09-21 15:00:00,IPL,-546.0,0.0,546.0
2021-09-21 18:00:00,2021-09-21 14:00:00,2021-09-21 19:00:00,2021-09-21 15:00:00,LAGN,0.0,0.0,0.0
2021-09-21 18:00:00,2021-09-21 14:00:00,2021-09-21 19:00:00,2021-09-21 15:00:00,LGEE,-33.0,-120.0,-87.0
2021-09-21 18:00:00,2021-09-21 14:00:00,2021-09-21 19:00:00,2021-09-21 15:00:00,LIND,-214.193,-214.193,0.0
2021-09-21 18:00:00,2021-09-21 14:00:00,2021-09-21 19:00:00,2021-09-21 15:00:00,MDU,0.0,24.0,24.0
2021-09-21 18:00:00,2021-09-21 14:00:00,2021-09-21 19:00:00,2021-09-21 15:00:00,MEC,-737.0,-661.0,76.0
2021-09-21 18:00:00,2021-09-21 14:00:00,2021-09-21 19:00:00,2021-09-21 15:00:00,MECS,-1478.0,-398.75,1079.25
2021-09-21 18:00:00,2021-09-21 14:00:00,2021-09-21 19:00:00,2021-09-21 15:00:00,NEPT,-381.605,-381.605,0.0
2021-09-21 18:00:00,2021-09-21 14:00:00,2021-09-21 19:00:00,2021-09-21 15:00:00,NIPS,-748.0,-450.0,298.0
2021-09-21 18:00:00,2021-09-21 14:00:00,2021-09-21 19:00:00,2021-09-21 15:00:00,NYIS,-721.374,-669.658,51.716
2021-09-21 18:00:00,2021-09-21 14:00:00,2021-09-21 19:00:00,2021-09-21 15:00:00,SIGE,9.0,0.0,-9.0
2021-09-21 18:00:00,2021-09-21 14:00:00,2021-09-21 19:00:00,2021-09-21 15:00:00,TVA,393.0,58.0,-335.0
2021-09-21 18:00:00,2021-09-21 14:00:00,2021-09-21 19:00:00,2021-09-21 15:00:00,WEC,1191.0,200.0,-991.0
2021-09-21 19:00:00,2021-09-21 15:00:00,2021-09-21 20:00:00,2021-09-21 16:00:00,ALTE,74.0,-401.0,-475.0
2021-09-21 19:00:00,2021-09-21 15:00:00,2021-09-21 20:00:00,2021-09-21 16:00:00,ALTW,-332.0,0.0,332.0
2021-09-21 19:00:00,2021-09-21 15:00:00,2021-09-21 20:00:00,2021-09-21 16:00:00,AMIL,628.0,-400.0,-1028.0
2021-09-21 19:00:00,2021-09-21 15:00:00,2021-09-21 20:00:00,2021-09-21 16:00:00,CIN,-612.0,-495.0,117.0
2021-09-21 19:00:00,2021-09-21 15:00:00,2021-09-21 20:00:00,2021-09-21 16:00:00,CPLE,-577.0,-98.0,479.0
2021-09-21 19:00:00,2021-09-21 15:00:00,2021-09-21 20:00:00,2021-09-21 16:00:00,CPLW,-34.0,0.0,34.0
2021-09-21 19:00:00,2021-09-21 15:00:00,2021-09-21 20:00:00,2021-09-21 16:00:00,CWLP,-15.0,0.0,15.0
2021-09-21 19:00:00,2021-09-21 15:00:00,2021-09-21 20:00:00,2021-09-21 16:00:00,DUK,179.0,73.0,-106.0
2021-09-21 19:00:00,2021-09-21 15:00:00,2021-09-21 20:00:00,2021-09-21 16:00:00,HUDS,-669.888,-669.888,0.0
2021-09-21 19:00:00,2021-09-21 15:00:00,2021-09-21 20:00:00,2021-09-21 16:00:00,IPL,-543.0,0.0,543.0
2021-09-21 19:00:00,2021-09-21 15:00:00,2021-09-21 20:00:00,2021-09-21 16:00:00,LAGN,0.0,0.0,0.0
2021-09-21 19:00:00,2021-09-21 15:00:00,2021-09-21 20:00:00,2021-09-21 16:00:00,LGEE,32.0,-120.0,-152.0
2021-09-21 19:00:00,2021-09-21 15:00:00,2021-09-21 20:00:00,2021-09-21 16:00:00,LIND,-214.2,-214.2,0.0
2021-09-21 19:00:00,2021-09-21 15:00:00,2021-09-21 20:00:00,2021-09-21 16:00:00,MDU,0.0,24.0,24.0
2021-09-21 19:00:00,2021-09-21 15:00:00,2021-09-21 20:00:00,2021-09-21 16:00:00,MEC,-808.0,-661.0,147.0
2021-09-21 19:00:00,2021-09-21 15:00:00,2021-09-21 20:00:00,2021-09-21 16:00:00,MECS,-1558.0,-277.0,1281.0
2021-09-21 19:00:00,2021-09-21 15:00:00,2021-09-21 20:00:00,2021-09-21 16:00:00,NEPT,-381.663,-381.663,0.0
2021-09-21 19:00:00,2021-09-21 15:00:00,2021-09-21 20:00:00,2021-09-21 16:00:00,NIPS,-685.0,-450.0,235.0
2021-09-21 19:00:00,2021-09-21 15:00:00,2021-09-21 20:00:00,2021-09-21 16:00:00,NYIS,-565.524,-581.658,-16.134
2021-09-21 19:00:00,2021-09-21 15:00:00,2021-09-21 20:00:00,2021-09-21 16:00:00,SIGE,13.0,0.0,-13.0
2021-09-21 19:00:00,2021-09-21 15:00:00,2021-09-21 20:00:00,2021-09-21 16:00:00,TVA,466.0,58.0,-408.0
2021-09-21 19:00:00,2021-09-21 15:00:00,2021-09-21 20:00:00,2021-09-21 16:00:00,WEC,1296.0,350.0,-946.0
2021-09-21 20:00:00,2021-09-21 16:00:00,2021-09-21 21:00:00,2021-09-21 17:00:00,ALTE,47.0,-401.0,-448.0
2021-09-21 20:00:00,2021-09-21 16:00:00,2021-09-21 21:00:00,2021-09-21 17:00:00,ALTW,-337.0,0.0,337.0
2021-09-21 20:00:00,2021-09-21 16:00:00,2021-09-21 21:00:00,2021-09-21 17:00:00,AMIL,549.0,-400.0,-949.0
2021-09-21 20:00:00,2021-09-21 16:00:00,2021-09-21 21:00:00,2021-09-21 17:00:00,CIN,-602.0,-475.0,127.0
2021-09-21 20:00:00,2021-09-21 16:00:00,2021-09-21 21:00:00,2021-09-21 17:00:00,CPLE,-531.0,-160.0,371.0
2021-09-21 20:00:00,2021-09-21 16:00:00,2021-09-21 21:00:00,2021-09-21 17:00:00,CPLW,-42.0,0.0,42.0
2021-09-21 20:00:00,2021-09-21 16:00:00,2021-09-21 21:00:00,2021-09-21 17:00:00,CWLP,-22.0,0.0,22.0
2021-09-21 20:00:00,2021-09-21 16:00:00,2021-09-21 21:00:00,2021-09-21 17:00:00,DUK,138.0,43.0,-95.0
2021-09-21 20:00:00,2021-09-21 16:00:00,2021-09-21 21:00:00,2021-09-21 17:00:00,HUDS,-668.1,-668.1,0.0
2021-09-21 20:00:00,2021-09-21 16:00:00,2021-09-21 21:00:00,2021-09-21 17:00:00,IPL,-542.0,0.0,542.0
2021-09-21 20:00:00,2021-09-21 16:00:00,2021-09-21 21:00:00,2021-09-21 17:00:00,LAGN,0.0,0.0,0.0
2021-09-21 20:00:00,2021-09-21 16:00:00,2021-09-21 21:00:00,2021-09-21 17:00:00,LGEE,81.0,-120.0,-201.0
2021-09-21 20:00:00,2021-09-21 16:00:00,2021-09-21 21:00:00,2021-09-21 17:00:00,LIND,-214.192,-214.192,0.0
2021-09-21 20:00:00,2021-09-21 16:00:00,2021-09-21 21:00:00,2021-09-21 17:00:00,MDU,0.0,18.0,18.0
2021-09-21 20:00:00,2021-09-21 16:00:00,2021-09-21 21:00:00,2021-09-21 17:00:00,MEC,-847.0,-661.0,186.0
2021-09-21 20:00:00,2021-09-21 16:00:00,2021-09-21 21:00:00,2021-09-21 17:00:00,MECS,-1286.0,-27.0,1259.0
2021-09-21 20:00:00,2021-09-21 16:00:00,2021-09-21 21:00:00,2021-09-21 17:00:00,NEPT,-381.595,-381.595,0.0
2021-09-21 20:00:00,2021-09-21 16:00:00,2021-09-21 21:00:00,2021-09-21 17:00:00,NIPS,-608.0,-450.0,158.0
2021-09-21 20:00:00,2021-09-21 16:00:00,2021-09-21 21:00:00,2021-09-21 17:00:00,NYIS,-532.607,-657.833,-125.226
2021-09-21 20:00:00,2021-09-21 16:00:00,2021-09-21 21:00:00,2021-09-21 17:00:00,SIGE,16.0,0.0,-16.0
2021-09-21 20:00:00,2021-09-21 16:00:00,2021-09-21 21:00:00,2021-09-21 17:00:00,TVA,503.0,58.0,-445.0
2021-09-21 20:00:00,2021-09-21 16:00:00,2021-09-21 21:00:00,2021-09-21 17:00:00,WEC,1137.0,400.0,-737.0
2021-09-21 21:00:00,2021-09-21 17:00:00,2021-09-21 22:00:00,2021-09-21 18:00:00,ALTE,79.0,-401.0,-480.0
2021-09-21 21:00:00,2021-09-21 17:00:00,2021-09-21 22:00:00,2021-09-21 18:00:00,ALTW,-296.0,0.0,296.0
2021-09-21 21:00:00,2021-09-21 17:00:00,2021-09-21 22:00:00,2021-09-21 18:00:00,AMIL,364.0,-400.0,-764.0
2021-09-21 21:00:00,2021-09-21 17:00:00,2021-09-21 22:00:00,2021-09-21 18:00:00,CIN,-596.0,-662.5,-66.5
2021-09-21 21:00:00,2021-09-21 17:00:00,2021-09-21 22:00:00,2021-09-21 18:00:00,CPLE,-430.0,-161.0,269.0
2021-09-21 21:00:00,2021-09-21 17:00:00,2021-09-21 22:00:00,2021-09-21 18:00:00,CPLW,-49.0,0.0,49.0
2021-09-21 21:00:00,2021-09-21 17:00:00,2021-09-21 22:00:00,2021-09-21 18:00:00,CWLP,-9.0,0.0,9.0
2021-09-21 21:00:00,2021-09-21 17:00:00,2021-09-21 22:00:00,2021-09-21 18:00:00,DUK,96.0,-20.0,-116.0
2021-09-21 21:00:00,2021-09-21 17:00:00,2021-09-21 22:00:00,2021-09-21 18:00:00,HUDS,-646.968,-646.968,0.0
2021-09-21 21:00:00,2021-09-21 17:00:00,2021-09-21 22:00:00,2021-09-21 18:00:00,IPL,-525.0,0.0,525.0
2021-09-21 21:00:00,2021-09-21 17:00:00,2021-09-21 22:00:00,2021-09-21 18:00:00,LAGN,0.0,0.0,0.0
2021-09-21 21:00:00,2021-09-21 17:00:00,2021-09-21 22:00:00,2021-09-21 18:00:00,LGEE,130.0,-122.0,-252.0
2021-09-21 21:00:00,2021-09-21 17:00:00,2021-09-21 22:00:00,2021-09-21 18:00:00,LIND,-214.193,-214.193,0.0
2021-09-21 21:00:00,2021-09-21 17:00:00,2021-09-21 22:00:00,2021-09-21 18:00:00,MDU,0.0,11.0,11.0
2021-09-21 21:00:00,2021-09-21 17:00:00,2021-09-21 22:00:00,2021-09-21 18:00:00,MEC,-842.0,-661.0,181.0
2021-09-21 21:00:00,2021-09-21 17:00:00,2021-09-21 22:00:00,2021-09-21 18:00:00,MECS,-1536.0,-2.0,1534.0
2021-09-21 21:00:00,2021-09-21 17:00:00,2021-09-21 22:00:00,2021-09-21 18:00:00,NEPT,-381.618,-381.618,0.0
2021-09-21 21:00:00,2021-09-21 17:00:00,2021-09-21 22:00:00,2021-09-21 18:00:00,NIPS,-596.0,-450.0,146.0
2021-09-21 21:00:00,2021-09-21 17:00:00,2021-09-21 22:00:00,2021-09-21 18:00:00,NYIS,-562.939,-786.109,-223.17
2021-09-21 21:00:00,2021-09-21 17:00:00,2021-09-21 22:00:00,2021-09-21 18:00:00,SIGE,16.0,0.0,-16.0
2021-09-21 21:00:00,2021-09-21 17:00:00,2021-09-21 22:00:00,2021-09-21 18:00:00,TVA,514.0,169.0,-345.0
2021-09-21 21:00:00,2021-09-21 17:00:00,2021-09-21 22:00:00,2021-09-21 18:00:00,WEC,1130.0,353.75,-776.25
2021-09-21 22:00:00,2021-09-21 18:00:00,2021-09-21 23:00:00,2021-09-21 19:00:00,ALTE,134.0,-439.0,-573.0
2021-09-21 22:00:00,2021-09-21 18:00:00,2021-09-21 23:00:00,2021-09-21 19:00:00,ALTW,-279.0,0.0,279.0
2021-09-21 22:00:00,2021-09-21 18:00:00,2021-09-21 23:00:00,2021-09-21 19:00:00,AMIL,49.0,-400.0,-449.0
2021-09-21 22:00:00,2021-09-21 18:00:00,2021-09-21 23:00:00,2021-09-21 19:00:00,CIN,-693.0,-625.0,68.0
2021-09-21 22:00:00,2021-09-21 18:00:00,2021-09-21 23:00:00,2021-09-21 19:00:00,CPLE,-391.0,-69.0,322.0
2021-09-21 22:00:00,2021-09-21 18:00:00,2021-09-21 23:00:00,2021-09-21 19:00:00,CPLW,-51.0,0.0,51.0
2021-09-21 22:00:00,2021-09-21 18:00:00,2021-09-21 23:00:00,2021-09-21 19:00:00,CWLP,-8.0,0.0,8.0
2021-09-21 22:00:00,2021-09-21 18:00:00,2021-09-21 23:00:00,2021-09-21 19:00:00,DUK,77.0,-24.0,-101.0
2021-09-21 22:00:00,2021-09-21 18:00:00,2021-09-21 23:00:00,2021-09-21 19:00:00,HUDS,-670.38,-670.38,0.0
2021-09-21 22:00:00,2021-09-21 18:00:00,2021-09-21 23:00:00,2021-09-21 19:00:00,IPL,-536.0,0.0,536.0
2021-09-21 22:00:00,2021-09-21 18:00:00,2021-09-21 23:00:00,2021-09-21 19:00:00,LAGN,0.0,0.0,0.0
2021-09-21 22:00:00,2021-09-21 18:00:00,2021-09-21 23:00:00,2021-09-21 19:00:00,LGEE,144.0,-122.0,-266.0
2021-09-21 22:00:00,2021-09-21 18:00:00,2021-09-21 23:00:00,2021-09-21 19:00:00,LIND,-214.179,-214.179,0.0
2021-09-21 22:00:00,2021-09-21 18:00:00,2021-09-21 23:00:00,2021-09-21 19:00:00,MDU,0.0,3.0,3.0
2021-09-21 22:00:00,2021-09-21 18:00:00,2021-09-21 23:00:00,2021-09-21 19:00:00,MEC,-815.0,-661.0,154.0
2021-09-21 22:00:00,2021-09-21 18:00:00,2021-09-21 23:00:00,2021-09-21 19:00:00,MECS,-1254.0,-2.0,1252.0
2021-09-21 22:00:00,2021-09-21 18:00:00,2021-09-21 23:00:00,2021-09-21 19:00:00,NEPT,-381.595,-381.595,0.0
2021-09-21 22:00:00,2021-09-21 18:00:00,2021-09-21 23:00:00,2021-09-21 19:00:00,NIPS,-621.0,-450.0,171.0
2021-09-21 22:00:00,2021-09-21 18:00:00,2021-09-21 23:00:00,2021-09-21 19:00:00,NYIS,-701.792,-1050.742,-348.95
2021-09-21 22:00:00,2021-09-21 18:00:00,2021-09-21 23:00:00,2021-09-21 19:00:00,SIGE,12.0,0.0,-12.0
2021-09-21 22:00:00,2021-09-21 18:00:00,2021-09-21 23:00:00,2021-09-21 19:00:00,TVA,440.0,124.0,-316.0
2021-09-21 22:00:00,2021-09-21 18:00:00,2021-09-21 23:00:00,2021-09-21 19:00:00,WEC,1199.0,400.0,-799.0
2021-09-21 23:00:00,2021-09-21 19:00:00,2021-09-22 00:00:00,2021-09-21 20:00:00,ALTE,65.0,-518.0,-583.0
2021-09-21 23:00:00,2021-09-21 19:00:00,2021-09-22 00:00:00,2021-09-21 20:00:00,ALTW,-392.0,0.0,392.0
2021-09-21 23:00:00,2021-09-21 19:00:00,2021-09-22 00:00:00,2021-09-21 20:00:00,AMIL,-141.0,-550.0,-409.0
2021-09-21 23:00:00,2021-09-21 19:00:00,2021-09-22 00:00:00,2021-09-21 20:00:00,CIN,-655.0,-575.0,80.0
2021-09-21 23:00:00,2021-09-21 19:00:00,2021-09-22 00:00:00,2021-09-21 20:00:00,CPLE,-562.0,-81.0,481.0
2021-09-21 23:00:00,2021-09-21 19:00:00,2021-09-22 00:00:00,2021-09-21 20:00:00,CPLW,-47.0,0.0,47.0
2021-09-21 23:00:00,2021-09-21 19:00:00,2021-09-22 00:00:00,2021-09-21 20:00:00,CWLP,-18.0,0.0,18.0
2021-09-21 23:00:00,2021-09-21 19:00:00,2021-09-22 00:00:00,2021-09-21 20:00:00,DUK,93.0,-229.0,-322.0
2021-09-21 23:00:00,2021-09-21 19:00:00,2021-09-22 00:00:00,2021-09-21 20:00:00,HUDS,-670.524,-670.524,0.0
2021-09-21 23:00:00,2021-09-21 19:00:00,2021-09-22 00:00:00,2021-09-21 20:00:00,IPL,-512.0,0.0,512.0
2021-09-21 23:00:00,2021-09-21 19:00:00,2021-09-22 00:00:00,2021-09-21 20:00:00,LAGN,0.0,0.0,0.0
2021-09-21 23:00:00,2021-09-21 19:00:00,2021-09-22 00:00:00,2021-09-21 20:00:00,LGEE,181.0,-122.0,-303.0
2021-09-21 23:00:00,2021-09-21 19:00:00,2021-09-22 00:00:00,2021-09-21 20:00:00,LIND,-214.207,-214.207,0.0
2021-09-21 23:00:00,2021-09-21 19:00:00,2021-09-22 00:00:00,2021-09-21 20:00:00,MDU,0.0,0.0,0.0
2021-09-21 23:00:00,2021-09-21 19:00:00,2021-09-22 00:00:00,2021-09-21 20:00:00,MEC,-858.0,-661.0,197.0
2021-09-21 23:00:00,2021-09-21 19:00:00,2021-09-22 00:00:00,2021-09-21 20:00:00,MECS,-1182.0,-102.0,1080.0
2021-09-21 23:00:00,2021-09-21 19:00:00,2021-09-22 00:00:00,2021-09-21 20:00:00,NEPT,-381.614,-381.614,0.0
2021-09-21 23:00:00,2021-09-21 19:00:00,2021-09-22 00:00:00,2021-09-21 20:00:00,NIPS,-538.0,-450.0,88.0
2021-09-21 23:00:00,2021-09-21 19:00:00,2021-09-22 00:00:00,2021-09-21 20:00:00,NYIS,-772.682,-1155.109,-382.427
2021-09-21 23:00:00,2021-09-21 19:00:00,2021-09-22 00:00:00,2021-09-21 20:00:00,SIGE,15.0,0.0,-15.0
2021-09-21 23:00:00,2021-09-21 19:00:00,2021-09-22 00:00:00,2021-09-21 20:00:00,TVA,446.0,58.0,-388.0
2021-09-21 23:00:00,2021-09-21 19:00:00,2021-09-22 00:00:00,2021-09-21 20:00:00,WEC,1084.0,400.0,-684.0
2021-09-22 00:00:00,2021-09-21 20:00:00,2021-09-22 01:00:00,2021-09-21 21:00:00,ALTE,-44.0,-401.0,-357.0
2021-09-22 00:00:00,2021-09-21 20:00:00,2021-09-22 01:00:00,2021-09-21 21:00:00,ALTW,-499.0,0.0,499.0
2021-09-22 00:00:00,2021-09-21 20:00:00,2021-09-22 01:00:00,2021-09-21 21:00:00,AMIL,-90.0,-400.0,-310.0
2021-09-22 00:00:00,2021-09-21 20:00:00,2021-09-22 01:00:00,2021-09-21 21:00:00,CIN,-575.0,-525.0,50.0
2021-09-22 00:00:00,2021-09-21 20:00:00,2021-09-22 01:00:00,2021-09-21 21:00:00,CPLE,-463.0,-129.0,334.0
2021-09-22 00:00:00,2021-09-21 20:00:00,2021-09-22 01:00:00,2021-09-21 21:00:00,CPLW,-43.0,0.0,43.0
2021-09-22 00:00:00,2021-09-21 20:00:00,2021-09-22 01:00:00,2021-09-21 21:00:00,CWLP,-25.0,0.0,25.0
2021-09-22 00:00:00,2021-09-21 20:00:00,2021-09-22 01:00:00,2021-09-21 21:00:00,DUK,94.0,-226.0,-320.0
2021-09-22 00:00:00,2021-09-21 20:00:00,2021-09-22 01:00:00,2021-09-21 21:00:00,HUDS,-670.212,-670.212,0.0
2021-09-22 00:00:00,2021-09-21 20:00:00,2021-09-22 01:00:00,2021-09-21 21:00:00,IPL,-493.0,0.0,493.0
2021-09-22 00:00:00,2021-09-21 20:00:00,2021-09-22 01:00:00,2021-09-21 21:00:00,LAGN,0.0,0.0,0.0
2021-09-22 00:00:00,2021-09-21 20:00:00,2021-09-22 01:00:00,2021-09-21 21:00:00,LGEE,191.0,-122.0,-313.0
2021-09-22 00:00:00,2021-09-21 20:00:00,2021-09-22 01:00:00,2021-09-21 21:00:00,LIND,-214.157,-214.157,0.0
2021-09-22 00:00:00,2021-09-21 20:00:00,2021-09-22 01:00:00,2021-09-21 21:00:00,MDU,0.0,0.0,0.0
2021-09-22 00:00:00,2021-09-21 20:00:00,2021-09-22 01:00:00,2021-09-21 21:00:00,MEC,-834.0,-661.0,173.0
2021-09-22 00:00:00,2021-09-21 20:00:00,2021-09-22 01:00:00,2021-09-21 21:00:00,MECS,-628.0,-2.0,626.0
2021-09-22 00:00:00,2021-09-21 20:00:00,2021-09-22 01:00:00,2021-09-21 21:00:00,NEPT,-381.565,-381.565,0.0
2021-09-22 00:00:00,2021-09-21 20:00:00,2021-09-22 01:00:00,2021-09-21 21:00:00,NIPS,-577.0,-450.0,127.0
2021-09-22 00:00:00,2021-09-21 20:00:00,2021-09-22 01:00:00,2021-09-21 21:00:00,NYIS,-886.9,-1067.176,-180.276
2021-09-22 00:00:00,2021-09-21 20:00:00,2021-09-22 01:00:00,2021-09-21 21:00:00,SIGE,13.0,0.0,-13.0
2021-09-22 00:00:00,2021-09-21 20:00:00,2021-09-22 01:00:00,2021-09-21 21:00:00,TVA,491.0,58.0,-433.0
2021-09-22 00:00:00,2021-09-21 20:00:00,2021-09-22 01:00:00,2021-09-21 21:00:00,WEC,842.0,400.0,-442.0
2021-09-22 01:00:00,2021-09-21 21:00:00,2021-09-22 02:00:00,2021-09-21 22:00:00,ALTE,-88.0,-401.0,-313.0
2021-09-22 01:00:00,2021-09-21 21:00:00,2021-09-22 02:00:00,2021-09-21 22:00:00,ALTW,-463.0,0.0,463.0
2021-09-22 01:00:00,2021-09-21 21:00:00,2021-09-22 02:00:00,2021-09-21 22:00:00,AMIL,228.0,-350.0,-578.0
2021-09-22 01:00:00,2021-09-21 21:00:00,2021-09-22 02:00:00,2021-09-21 22:00:00,CIN,-479.0,-525.0,-46.0
2021-09-22 01:00:00,2021-09-21 21:00:00,2021-09-22 02:00:00,2021-09-21 22:00:00,CPLE,-230.0,-131.0,99.0
2021-09-22 01:00:00,2021-09-21 21:00:00,2021-09-22 02:00:00,2021-09-21 22:00:00,CPLW,-62.0,0.0,62.0
2021-09-22 01:00:00,2021-09-21 21:00:00,2021-09-22 02:00:00,2021-09-21 22:00:00,CWLP,-20.0,0.0,20.0
2021-09-22 01:00:00,2021-09-21 21:00:00,2021-09-22 02:00:00,2021-09-21 22:00:00,DUK,87.0,-107.0,-194.0
2021-09-22 01:00:00,2021-09-21 21:00:00,2021-09-22 02:00:00,2021-09-21 22:00:00,HUDS,-670.188,-670.188,0.0
2021-09-22 01:00:00,2021-09-21 21:00:00,2021-09-22 02:00:00,2021-09-21 22:00:00,IPL,-373.0,0.0,373.0
2021-09-22 01:00:00,2021-09-21 21:00:00,2021-09-22 02:00:00,2021-09-21 22:00:00,LAGN,0.0,0.0,0.0
2021-09-22 01:00:00,2021-09-21 21:00:00,2021-09-22 02:00:00,2021-09-21 22:00:00,LGEE,275.0,-122.0,-397.0
2021-09-22 01:00:00,2021-09-21 21:00:00,2021-09-22 02:00:00,2021-09-21 22:00:00,LIND,-214.156,-214.156,0.0
2021-09-22 01:00:00,2021-09-21 21:00:00,2021-09-22 02:00:00,2021-09-21 22:00:00,MDU,0.0,3.0,3.0
2021-09-22 01:00:00,2021-09-21 21:00:00,2021-09-22 02:00:00,2021-09-21 22:00:00,MEC,-825.0,-661.0,164.0
2021-09-22 01:00:00,2021-09-21 21:00:00,2021-09-22 02:00:00,2021-09-21 22:00:00,MECS,-980.0,-15.0,965.0
2021-09-22 01:00:00,2021-09-21 21:00:00,2021-09-22 02:00:00,2021-09-21 22:00:00,NEPT,-381.669,-381.669,0.0
2021-09-22 01:00:00,2021-09-21 21:00:00,2021-09-22 02:00:00,2021-09-21 22:00:00,NIPS,-509.0,-450.0,59.0
2021-09-22 01:00:00,2021-09-21 21:00:00,2021-09-22 02:00:00,2021-09-21 22:00:00,NYIS,-822.025,-713.387,108.638
2021-09-22 01:00:00,2021-09-21 21:00:00,2021-09-22 02:00:00,2021-09-21 22:00:00,SIGE,11.0,0.0,-11.0
2021-09-22 01:00:00,2021-09-21 21:00:00,2021-09-22 02:00:00,2021-09-21 22:00:00,TVA,626.0,58.0,-568.0
2021-09-22 01:00:00,2021-09-21 21:00:00,2021-09-22 02:00:00,2021-09-21 22:00:00,WEC,622.0,400.0,-222.0
2021-09-22 02:00:00,2021-09-21 22:00:00,2021-09-22 03:00:00,2021-09-21 23:00:00,ALTE,-98.0,-401.0,-303.0
2021-09-22 02:00:00,2021-09-21 22:00:00,2021-09-22 03:00:00,2021-09-21 23:00:00,ALTW,-398.0,0.0,398.0
2021-09-22 02:00:00,2021-09-21 22:00:00,2021-09-22 03:00:00,2021-09-21 23:00:00,AMIL,35.0,-531.25,-566.25
2021-09-22 02:00:00,2021-09-21 22:00:00,2021-09-22 03:00:00,2021-09-21 23:00:00,CIN,-400.0,-400.0,0.0
2021-09-22 02:00:00,2021-09-21 22:00:00,2021-09-22 03:00:00,2021-09-21 23:00:00,CPLE,-328.0,-108.0,220.0
2021-09-22 02:00:00,2021-09-21 22:00:00,2021-09-22 03:00:00,2021-09-21 23:00:00,CPLW,-68.0,0.0,68.0
2021-09-22 02:00:00,2021-09-21 22:00:00,2021-09-22 03:00:00,2021-09-21 23:00:00,CWLP,-15.0,0.0,15.0
2021-09-22 02:00:00,2021-09-21 22:00:00,2021-09-22 03:00:00,2021-09-21 23:00:00,DUK,-69.0,-6.0,63.0
2021-09-22 02:00:00,2021-09-21 22:00:00,2021-09-22 03:00:00,2021-09-21 23:00:00,HUDS,-670.176,-670.176,0.0
2021-09-22 02:00:00,2021-09-21 22:00:00,2021-09-22 03:00:00,2021-09-21 23:00:00,IPL,-295.0,0.0,295.0
2021-09-22 02:00:00,2021-09-21 22:00:00,2021-09-22 03:00:00,2021-09-21 23:00:00,LAGN,0.0,0.0,0.0
2021-09-22 02:00:00,2021-09-21 22:00:00,2021-09-22 03:00:00,2021-09-21 23:00:00,LGEE,253.0,-122.0,-375.0
2021-09-22 02:00:00,2021-09-21 22:00:00,2021-09-22 03:00:00,2021-09-21 23:00:00,LIND,-214.164,-214.164,0.0
2021-09-22 02:00:00,2021-09-21 22:00:00,2021-09-22 03:00:00,2021-09-21 23:00:00,MDU,0.0,27.0,27.0
2021-09-22 02:00:00,2021-09-21 22:00:00,2021-09-22 03:00:00,2021-09-21 23:00:00,MEC,-823.0,-661.0,162.0
2021-09-22 02:00:00,2021-09-21 22:00:00,2021-09-22 03:00:00,2021-09-21 23:00:00,MECS,-830.0,-15.0,815.0
2021-09-22 02:00:00,2021-09-21 22:00:00,2021-09-22 03:00:00,2021-09-21 23:00:00,NEPT,-381.653,-381.653,0.0
2021-09-22 02:00:00,2021-09-21 22:00:00,2021-09-22 03:00:00,2021-09-21 23:00:00,NIPS,-436.0,-450.0,-14.0
2021-09-22 02:00:00,2021-09-21 22:00:00,2021-09-22 03:00:00,2021-09-21 23:00:00,NYIS,-822.097,-781.646,40.451
2021-09-22 02:00:00,2021-09-21 22:00:00,2021-09-22 03:00:00,2021-09-21 23:00:00,SIGE,14.0,0.0,-14.0
2021-09-22 02:00:00,2021-09-21 22:00:00,2021-09-22 03:00:00,2021-09-21 23:00:00,TVA,558.0,0.0,-558.0
2021-09-22 02:00:00,2021-09-21 22:00:00,2021-09-22 03:00:00,2021-09-21 23:00:00,WEC,623.0,400.0,-223.0
2021-09-22 03:00:00,2021-09-21 23:00:00,2021-09-22 04:00:00,2021-09-22 00:00:00,ALTE,-113.0,-389.75,-276.75
2021-09-22 03:00:00,2021-09-21 23:00:00,2021-09-22 04:00:00,2021-09-22 00:00:00,ALTW,-386.0,0.0,386.0
2021-09-22 03:00:00,2021-09-21 23:00:00,2021-09-22 04:00:00,2021-09-22 00:00:00,AMIL,119.0,-267.25,-386.25
2021-09-22 03:00:00,2021-09-21 23:00:00,2021-09-22 04:00:00,2021-09-22 00:00:00,CIN,-237.0,-300.0,-63.0
2021-09-22 03:00:00,2021-09-21 23:00:00,2021-09-22 04:00:00,2021-09-22 00:00:00,CPLE,-283.0,-99.0,184.0
2021-09-22 03:00:00,2021-09-21 23:00:00,2021-09-22 04:00:00,2021-09-22 00:00:00,CPLW,-48.0,0.0,48.0
2021-09-22 03:00:00,2021-09-21 23:00:00,2021-09-22 04:00:00,2021-09-22 00:00:00,CWLP,-3.0,0.0,3.0
2021-09-22 03:00:00,2021-09-21 23:00:00,2021-09-22 04:00:00,2021-09-22 00:00:00,DUK,-65.0,102.0,167.0
2021-09-22 03:00:00,2021-09-21 23:00:00,2021-09-22 04:00:00,2021-09-22 00:00:00,HUDS,-668.052,-668.052,0.0
2021-09-22 03:00:00,2021-09-21 23:00:00,2021-09-22 04:00:00,2021-09-22 00:00:00,IPL,-156.0,0.0,156.0
2021-09-22 03:00:00,2021-09-21 23:00:00,2021-09-22 04:00:00,2021-09-22 00:00:00,LAGN,0.0,0.0,0.0
2021-09-22 03:00:00,2021-09-21 23:00:00,2021-09-22 04:00:00,2021-09-22 00:00:00,LGEE,349.0,-122.0,-471.0
2021-09-22 03:00:00,2021-09-21 23:00:00,2021-09-22 04:00:00,2021-09-22 00:00:00,LIND,-214.157,-214.157,0.0
2021-09-22 03:00:00,2021-09-21 23:00:00,2021-09-22 04:00:00,2021-09-22 00:00:00,MDU,0.0,86.0,86.0
2021-09-22 03:00:00,2021-09-21 23:00:00,2021-09-22 04:00:00,2021-09-22 00:00:00,MEC,-695.0,-661.0,34.0
2021-09-22 03:00:00,2021-09-21 23:00:00,2021-09-22 04:00:00,2021-09-22 00:00:00,MECS,-1174.0,-90.5,1083.5
2021-09-22 03:00:00,2021-09-21 23:00:00,2021-09-22 04:00:00,2021-09-22 00:00:00,NEPT,-381.669,-381.669,0.0
2021-09-22 03:00:00,2021-09-21 23:00:00,2021-09-22 04:00:00,2021-09-22 00:00:00,NIPS,-434.0,-450.0,-16.0
2021-09-22 03:00:00,2021-09-21 23:00:00,2021-09-22 04:00:00,2021-09-22 00:00:00,NYIS,-789.438,-929.494,-140.056
2021-09-22 03:00:00,2021-09-21 23:00:00,2021-09-22 04:00:00,2021-09-22 00:00:00,SIGE,16.0,0.0,-16.0
2021-09-22 03:00:00,2021-09-21 23:00:00,2021-09-22 04:00:00,2021-09-22 00:00:00,TVA,595.0,0.0,-595.0
2021-09-22 03:00:00,2021-09-21 23:00:00,2021-09-22 04:00:00,2021-09-22 00:00:00,WEC,482.0,400.0,-82.0
