datetime_beginning_utc,datetime_beginning_ept,datetime_ending_utc,datetime_ending_ept,tie_line,actual_flow,sched_flow,inadv_flow
2021-04-29 04:00:00,2021-04-29 00:00:00,2021-04-29 05:00:00,2021-04-29 01:00:00,ALTE,-651.0,-230.0,421.0
2021-04-29 04:00:00,2021-04-29 00:00:00,2021-04-29 05:00:00,2021-04-29 01:00:00,ALTW,-644.0,-75.0,569.0
2021-04-29 04:00:00,2021-04-29 00:00:00,2021-04-29 05:00:00,2021-04-29 01:00:00,AMIL,66.0,-50.0,-116.0
2021-04-29 04:00:00,2021-04-29 00:00:00,2021-04-29 05:00:00,2021-04-29 01:00:00,CIN,-730.0,-1150.0,-420.0
2021-04-29 04:00:00,2021-04-29 00:00:00,2021-04-29 05:00:00,2021-04-29 01:00:00,CPLE,41.0,-137.0,-178.0
2021-04-29 04:00:00,2021-04-29 00:00:00,2021-04-29 05:00:00,2021-04-29 01:00:00,CPLW,-49.0,0.0,49.0
2021-04-29 04:00:00,2021-04-29 00:00:00,2021-04-29 05:00:00,2021-04-29 01:00:00,CWLP,27.0,0.0,-27.0
2021-04-29 04:00:00,2021-04-29 00:00:00,2021-04-29 05:00:00,2021-04-29 01:00:00,DUK,306.0,75.0,-231.0
2021-04-29 04:00:00,2021-04-29 00:00:00,2021-04-29 05:00:00,2021-04-29 01:00:00,HUDS,-47.304,-47.304,0.0
2021-04-29 04:00:00,2021-04-29 00:00:00,2021-04-29 05:00:00,2021-04-29 01:00:00,IPL,-141.0,-175.0,-34.0
2021-04-29 04:00:00,2021-04-29 00:00:00,2021-04-29 05:00:00,2021-04-29 01:00:00,LAGN,0.0,0.0,0.0
2021-04-29 04:00:00,2021-04-29 00:00:00,2021-04-29 05:00:00,2021-04-29 01:00:00,LGEE,260.0,-51.0,-311.0
2021-04-29 04:00:00,2021-04-29 00:00:00,2021-04-29 05:00:00,2021-04-29 01:00:00,LIND,-231.718,-231.718,0.0
2021-04-29 04:00:00,2021-04-29 00:00:00,2021-04-29 05:00:00,2021-04-29 01:00:00,MDU,0.0,43.0,43.0
2021-04-29 04:00:00,2021-04-29 00:00:00,2021-04-29 05:00:00,2021-04-29 01:00:00,MEC,-967.0,-647.0,320.0
2021-04-29 04:00:00,2021-04-29 00:00:00,2021-04-29 05:00:00,2021-04-29 01:00:00,MECS,-369.0,-357.5,11.5
2021-04-29 04:00:00,2021-04-29 00:00:00,2021-04-29 05:00:00,2021-04-29 01:00:00,NEPT,-381.262,-381.262,0.0
2021-04-29 04:00:00,2021-04-29 00:00:00,2021-04-29 05:00:00,2021-04-29 01:00:00,NIPS,-1054.0,0.0,1054.0
2021-04-29 04:00:00,2021-04-29 00:00:00,2021-04-29 05:00:00,2021-04-29 01:00:00,NYIS,-138.227,16.229,154.456
2021-04-29 04:00:00,2021-04-29 00:00:00,2021-04-29 05:00:00,2021-04-29 01:00:00,SIGE,7.0,0.0,-7.0
2021-04-29 04:00:00,2021-04-29 00:00:00,2021-04-29 05:00:00,2021-04-29 01:00:00,TVA,538.0,0.0,-538.0
2021-04-29 04:00:00,2021-04-29 00:00:00,2021-04-29 05:00:00,2021-04-29 01:00:00,WEC,451.0,-344.0,-795.0
2021-04-29 05:00:00,2021-04-29 01:00:00,2021-04-29 06:00:00,2021-04-29 02:00:00,ALTE,-631.0,-215.0,416.0
2021-04-29 05:00:00,2021-04-29 01:00:00,2021-04-29 06:00:00,2021-04-29 02:00:00,ALTW,-618.0,-75.0,543.0
2021-04-29 05:00:00,2021-04-29 01:00:00,2021-04-29 06:00:00,2021-04-29 02:00:00,AMIL,334.0,-100.0,-434.0
2021-04-29 05:00:00,2021-04-29 01:00:00,2021-04-29 06:00:00,2021-04-29 02:00:00,CIN,-720.0,-1100.0,-380.0
2021-04-29 05:00:00,2021-04-29 01:00:00,2021-04-29 06:00:00,2021-04-29 02:00:00,CPLE,220.0,-71.0,-291.0
2021-04-29 05:00:00,2021-04-29 01:00:00,2021-04-29 06:00:00,2021-04-29 02:00:00,CPLW,-50.0,0.0,50.0
2021-04-29 05:00:00,2021-04-29 01:00:00,2021-04-29 06:00:00,2021-04-29 02:00:00,CWLP,19.0,0.0,-19.0
2021-04-29 05:00:00,2021-04-29 01:00:00,2021-04-29 06:00:00,2021-04-29 02:00:00,DUK,324.0,75.0,-249.0
2021-04-29 05:00:00,2021-04-29 01:00:00,2021-04-29 06:00:00,2021-04-29 02:00:00,HUDS,-59.856,-59.856,0.0
2021-04-29 05:00:00,2021-04-29 01:00:00,2021-04-29 06:00:00,2021-04-29 02:00:00,IPL,-67.0,-475.0,-408.0
2021-04-29 05:00:00,2021-04-29 01:00:00,2021-04-29 06:00:00,2021-04-29 02:00:00,LAGN,0.0,0.0,0.0
2021-04-29 05:00:00,2021-04-29 01:00:00,2021-04-29 06:00:00,2021-04-29 02:00:00,LGEE,384.0,-51.0,-435.0
2021-04-29 05:00:00,2021-04-29 01:00:00,2021-04-29 06:00:00,2021-04-29 02:00:00,LIND,-273.47,-273.47,0.0
2021-04-29 05:00:00,2021-04-29 01:00:00,2021-04-29 06:00:00,2021-04-29 02:00:00,MDU,0.0,32.0,32.0
2021-04-29 05:00:00,2021-04-29 01:00:00,2021-04-29 06:00:00,2021-04-29 02:00:00,MEC,-911.0,-647.0,264.0
2021-04-29 05:00:00,2021-04-29 01:00:00,2021-04-29 06:00:00,2021-04-29 02:00:00,MECS,-1983.0,-647.5,1335.5
2021-04-29 05:00:00,2021-04-29 01:00:00,2021-04-29 06:00:00,2021-04-29 02:00:00,NEPT,-381.334,-381.334,0.0
2021-04-29 05:00:00,2021-04-29 01:00:00,2021-04-29 06:00:00,2021-04-29 02:00:00,NIPS,-991.0,0.0,991.0
2021-04-29 05:00:00,2021-04-29 01:00:00,2021-04-29 06:00:00,2021-04-29 02:00:00,NYIS,83.604,-19.357,-102.961
2021-04-29 05:00:00,2021-04-29 01:00:00,2021-04-29 06:00:00,2021-04-29 02:00:00,SIGE,5.0,0.0,-5.0
2021-04-29 05:00:00,2021-04-29 01:00:00,2021-04-29 06:00:00,2021-04-29 02:00:00,TVA,712.0,0.0,-712.0
2021-04-29 05:00:00,2021-04-29 01:00:00,2021-04-29 06:00:00,2021-04-29 02:00:00,WEC,559.0,-144.0,-703.0
2021-04-29 06:00:00,2021-04-29 02:00:00,2021-04-29 07:00:00,2021-04-29 03:00:00,ALTE,-545.0,-129.0,416.0
2021-04-29 06:00:00,2021-04-29 02:00:00,2021-04-29 07:00:00,2021-04-29 03:00:00,ALTW,-542.0,-100.0,442.0
2021-04-29 06:00:00,2021-04-29 02:00:00,2021-04-29 07:00:00,2021-04-29 03:00:00,AMIL,483.0,-100.0,-583.0
2021-04-29 06:00:00,2021-04-29 02:00:00,2021-04-29 07:00:00,2021-04-29 03:00:00,CIN,-723.0,-850.0,-127.0
2021-04-29 06:00:00,2021-04-29 02:00:00,2021-04-29 07:00:00,2021-04-29 03:00:00,CPLE,411.0,-7.0,-418.0
2021-04-29 06:00:00,2021-04-29 02:00:00,2021-04-29 07:00:00,2021-04-29 03:00:00,CPLW,-46.0,0.0,46.0
2021-04-29 06:00:00,2021-04-29 02:00:00,2021-04-29 07:00:00,2021-04-29 03:00:00,CWLP,-5.0,0.0,5.0
2021-04-29 06:00:00,2021-04-29 02:00:00,2021-04-29 07:00:00,2021-04-29 03:00:00,DUK,347.0,75.0,-272.0
2021-04-29 06:00:00,2021-04-29 02:00:00,2021-04-29 07:00:00,2021-04-29 03:00:00,HUDS,-72.312,-72.312,0.0
2021-04-29 06:00:00,2021-04-29 02:00:00,2021-04-29 07:00:00,2021-04-29 03:00:00,IPL,-46.0,-550.0,-504.0
2021-04-29 06:00:00,2021-04-29 02:00:00,2021-04-29 07:00:00,2021-04-29 03:00:00,LAGN,0.0,0.0,0.0
2021-04-29 06:00:00,2021-04-29 02:00:00,2021-04-29 07:00:00,2021-04-29 03:00:00,LGEE,399.0,-51.0,-450.0
2021-04-29 06:00:00,2021-04-29 02:00:00,2021-04-29 07:00:00,2021-04-29 03:00:00,LIND,-321.02,-321.02,0.0
2021-04-29 06:00:00,2021-04-29 02:00:00,2021-04-29 07:00:00,2021-04-29 03:00:00,MDU,0.0,3.0,3.0
2021-04-29 06:00:00,2021-04-29 02:00:00,2021-04-29 07:00:00,2021-04-29 03:00:00,MEC,-892.0,-647.0,245.0
2021-04-29 06:00:00,2021-04-29 02:00:00,2021-04-29 07:00:00,2021-04-29 03:00:00,MECS,-2523.0,-742.5,1780.5
2021-04-29 06:00:00,2021-04-29 02:00:00,2021-04-29 07:00:00,2021-04-29 03:00:00,NEPT,-381.431,-381.431,0.0
2021-04-29 06:00:00,2021-04-29 02:00:00,2021-04-29 07:00:00,2021-04-29 03:00:00,NIPS,-978.0,0.0,978.0
2021-04-29 06:00:00,2021-04-29 02:00:00,2021-04-29 07:00:00,2021-04-29 03:00:00,NYIS,92.298,7.061,-85.237
2021-04-29 06:00:00,2021-04-29 02:00:00,2021-04-29 07:00:00,2021-04-29 03:00:00,SIGE,1.0,0.0,-1.0
2021-04-29 06:00:00,2021-04-29 02:00:00,2021-04-29 07:00:00,2021-04-29 03:00:00,TVA,784.0,0.0,-784.0
2021-04-29 06:00:00,2021-04-29 02:00:00,2021-04-29 07:00:00,2021-04-29 03:00:00,WEC,741.0,-144.0,-885.0
2021-04-29 07:00:00,2021-04-29 03:00:00,2021-04-29 08:00:00,2021-04-29 04:00:00,ALTE,-507.0,-133.0,374.0
2021-04-29 07:00:00,2021-04-29 03:00:00,2021-04-29 08:00:00,2021-04-29 04:00:00,ALTW,-465.0,-100.0,365.0
2021-04-29 07:00:00,2021-04-29 03:00:00,2021-04-29 08:00:00,2021-04-29 04:00:00,AMIL,650.0,-100.0,-750.0
2021-04-29 07:00:00,2021-04-29 03:00:00,2021-04-29 08:00:00,2021-04-29 04:00:00,CIN,-710.0,-800.0,-90.0
2021-04-29 07:00:00,2021-04-29 03:00:00,2021-04-29 08:00:00,2021-04-29 04:00:00,CPLE,534.0,16.0,-518.0
2021-04-29 07:00:00,2021-04-29 03:00:00,2021-04-29 08:00:00,2021-04-29 04:00:00,CPLW,-46.0,0.0,46.0
2021-04-29 07:00:00,2021-04-29 03:00:00,2021-04-29 08:00:00,2021-04-29 04:00:00,CWLP,20.0,0.0,-20.0
2021-04-29 07:00:00,2021-04-29 03:00:00,2021-04-29 08:00:00,2021-04-29 04:00:00,DUK,328.0,75.0,-253.0
2021-04-29 07:00:00,2021-04-29 03:00:00,2021-04-29 08:00:00,2021-04-29 04:00:00,HUDS,-72.276,-72.276,0.0
2021-04-29 07:00:00,2021-04-29 03:00:00,2021-04-29 08:00:00,2021-04-29 04:00:00,IPL,-105.0,-550.0,-445.0
2021-04-29 07:00:00,2021-04-29 03:00:00,2021-04-29 08:00:00,2021-04-29 04:00:00,LAGN,0.0,0.0,0.0
2021-04-29 07:00:00,2021-04-29 03:00:00,2021-04-29 08:00:00,2021-04-29 04:00:00,LGEE,369.0,-51.0,-420.0
2021-04-29 07:00:00,2021-04-29 03:00:00,2021-04-29 08:00:00,2021-04-29 04:00:00,LIND,-321.048,-321.048,0.0
2021-04-29 07:00:00,2021-04-29 03:00:00,2021-04-29 08:00:00,2021-04-29 04:00:00,MDU,0.0,0.0,0.0
2021-04-29 07:00:00,2021-04-29 03:00:00,2021-04-29 08:00:00,2021-04-29 04:00:00,MEC,-873.0,-647.0,226.0
2021-04-29 07:00:00,2021-04-29 03:00:00,2021-04-29 08:00:00,2021-04-29 04:00:00,MECS,-2781.0,-667.5,2113.5
2021-04-29 07:00:00,2021-04-29 03:00:00,2021-04-29 08:00:00,2021-04-29 04:00:00,NEPT,-381.353,-381.353,0.0
2021-04-29 07:00:00,2021-04-29 03:00:00,2021-04-29 08:00:00,2021-04-29 04:00:00,NIPS,-978.0,0.0,978.0
2021-04-29 07:00:00,2021-04-29 03:00:00,2021-04-29 08:00:00,2021-04-29 04:00:00,NYIS,51.113,19.109,-32.004
2021-04-29 07:00:00,2021-04-29 03:00:00,2021-04-29 08:00:00,2021-04-29 04:00:00,SIGE,7.0,0.0,-7.0
2021-04-29 07:00:00,2021-04-29 03:00:00,2021-04-29 08:00:00,2021-04-29 04:00:00,TVA,787.0,0.0,-787.0
2021-04-29 07:00:00,2021-04-29 03:00:00,2021-04-29 08:00:00,2021-04-29 04:00:00,WEC,735.0,-131.5,-866.5
2021-04-29 08:00:00,2021-04-29 04:00:00,2021-04-29 09:00:00,2021-04-29 05:00:00,ALTE,-445.0,-183.0,262.0
2021-04-29 08:00:00,2021-04-29 04:00:00,2021-04-29 09:00:00,2021-04-29 05:00:00,ALTW,-353.0,-100.0,253.0
2021-04-29 08:00:00,2021-04-29 04:00:00,2021-04-29 09:00:00,2021-04-29 05:00:00,AMIL,881.0,-75.0,-956.0
2021-04-29 08:00:00,2021-04-29 04:00:00,2021-04-29 09:00:00,2021-04-29 05:00:00,CIN,-821.0,-750.0,71.0
2021-04-29 08:00:00,2021-04-29 04:00:00,2021-04-29 09:00:00,2021-04-29 05:00:00,CPLE,584.0,54.0,-530.0
2021-04-29 08:00:00,2021-04-29 04:00:00,2021-04-29 09:00:00,2021-04-29 05:00:00,CPLW,-50.0,0.0,50.0
2021-04-29 08:00:00,2021-04-29 04:00:00,2021-04-29 09:00:00,2021-04-29 05:00:00,CWLP,13.0,0.0,-13.0
2021-04-29 08:00:00,2021-04-29 04:00:00,2021-04-29 09:00:00,2021-04-29 05:00:00,DUK,338.0,75.0,-263.0
2021-04-29 08:00:00,2021-04-29 04:00:00,2021-04-29 09:00:00,2021-04-29 05:00:00,HUDS,-72.252,-72.252,0.0
2021-04-29 08:00:00,2021-04-29 04:00:00,2021-04-29 09:00:00,2021-04-29 05:00:00,IPL,-186.0,-475.0,-289.0
2021-04-29 08:00:00,2021-04-29 04:00:00,2021-04-29 09:00:00,2021-04-29 05:00:00,LAGN,0.0,0.0,0.0
2021-04-29 08:00:00,2021-04-29 04:00:00,2021-04-29 09:00:00,2021-04-29 05:00:00,LGEE,388.0,-51.0,-439.0
2021-04-29 08:00:00,2021-04-29 04:00:00,2021-04-29 09:00:00,2021-04-29 05:00:00,LIND,-321.062,-321.062,0.0
2021-04-29 08:00:00,2021-04-29 04:00:00,2021-04-29 09:00:00,2021-04-29 05:00:00,MDU,0.0,9.0,9.0
2021-04-29 08:00:00,2021-04-29 04:00:00,2021-04-29 09:00:00,2021-04-29 05:00:00,MEC,-865.0,-647.0,218.0
2021-04-29 08:00:00,2021-04-29 04:00:00,2021-04-29 09:00:00,2021-04-29 05:00:00,MECS,-3084.0,-680.0,2404.0
2021-04-29 08:00:00,2021-04-29 04:00:00,2021-04-29 09:00:00,2021-04-29 05:00:00,NEPT,-381.396,-381.396,0.0
2021-04-29 08:00:00,2021-04-29 04:00:00,2021-04-29 09:00:00,2021-04-29 05:00:00,NIPS,-1132.0,0.0,1132.0
2021-04-29 08:00:00,2021-04-29 04:00:00,2021-04-29 09:00:00,2021-04-29 05:00:00,NYIS,136.587,30.4,-106.187
2021-04-29 08:00:00,2021-04-29 04:00:00,2021-04-29 09:00:00,2021-04-29 05:00:00,SIGE,12.0,0.0,-12.0
2021-04-29 08:00:00,2021-04-29 04:00:00,2021-04-29 09:00:00,2021-04-29 05:00:00,TVA,902.0,0.0,-902.0
2021-04-29 08:00:00,2021-04-29 04:00:00,2021-04-29 09:00:00,2021-04-29 05:00:00,WEC,832.0,-94.0,-926.0
2021-04-29 09:00:00,2021-04-29 05:00:00,2021-04-29 10:00:00,2021-04-29 06:00:00,ALTE,-331.0,-176.0,155.0
2021-04-29 09:00:00,2021-04-29 05:00:00,2021-04-29 10:00:00,2021-04-29 06:00:00,ALTW,-242.0,-100.0,142.0
2021-04-29 09:00:00,2021-04-29 05:00:00,2021-04-29 10:00:00,2021-04-29 06:00:00,AMIL,1116.0,-75.0,-1191.0
2021-04-29 09:00:00,2021-04-29 05:00:00,2021-04-29 10:00:00,2021-04-29 06:00:00,CIN,-812.0,-850.0,-38.0
2021-04-29 09:00:00,2021-04-29 05:00:00,2021-04-29 10:00:00,2021-04-29 06:00:00,CPLE,516.0,170.0,-346.0
2021-04-29 09:00:00,2021-04-29 05:00:00,2021-04-29 10:00:00,2021-04-29 06:00:00,CPLW,-53.0,0.0,53.0
2021-04-29 09:00:00,2021-04-29 05:00:00,2021-04-29 10:00:00,2021-04-29 06:00:00,CWLP,20.0,0.0,-20.0
2021-04-29 09:00:00,2021-04-29 05:00:00,2021-04-29 10:00:00,2021-04-29 06:00:00,DUK,367.0,75.0,-292.0
2021-04-29 09:00:00,2021-04-29 05:00:00,2021-04-29 10:00:00,2021-04-29 06:00:00,HUDS,-71.88,-71.88,0.0
2021-04-29 09:00:00,2021-04-29 05:00:00,2021-04-29 10:00:00,2021-04-29 06:00:00,IPL,-148.0,-200.0,-52.0
2021-04-29 09:00:00,2021-04-29 05:00:00,2021-04-29 10:00:00,2021-04-29 06:00:00,LAGN,0.0,0.0,0.0
2021-04-29 09:00:00,2021-04-29 05:00:00,2021-04-29 10:00:00,2021-04-29 06:00:00,LGEE,434.0,-51.0,-485.0
2021-04-29 09:00:00,2021-04-29 05:00:00,2021-04-29 10:00:00,2021-04-29 06:00:00,LIND,-313.661,-313.661,0.0
2021-04-29 09:00:00,2021-04-29 05:00:00,2021-04-29 10:00:00,2021-04-29 06:00:00,MDU,0.0,1.0,1.0
2021-04-29 09:00:00,2021-04-29 05:00:00,2021-04-29 10:00:00,2021-04-29 06:00:00,MEC,-830.0,-647.0,183.0
2021-04-29 09:00:00,2021-04-29 05:00:00,2021-04-29 10:00:00,2021-04-29 06:00:00,MECS,-3284.0,-622.5,2661.5
2021-04-29 09:00:00,2021-04-29 05:00:00,2021-04-29 10:00:00,2021-04-29 06:00:00,NEPT,-381.4,-381.4,0.0
2021-04-29 09:00:00,2021-04-29 05:00:00,2021-04-29 10:00:00,2021-04-29 06:00:00,NIPS,-1207.0,0.0,1207.0
2021-04-29 09:00:00,2021-04-29 05:00:00,2021-04-29 10:00:00,2021-04-29 06:00:00,NYIS,12.116,-8.802,-20.918
2021-04-29 09:00:00,2021-04-29 05:00:00,2021-04-29 10:00:00,2021-04-29 06:00:00,SIGE,13.0,0.0,-13.0
2021-04-29 09:00:00,2021-04-29 05:00:00,2021-04-29 10:00:00,2021-04-29 06:00:00,TVA,1005.0,0.0,-1005.0
2021-04-29 09:00:00,2021-04-29 05:00:00,2021-04-29 10:00:00,2021-04-29 06:00:00,WEC,975.0,-94.0,-1069.0
2021-04-29 10:00:00,2021-04-29 06:00:00,2021-04-29 11:00:00,2021-04-29 07:00:00,ALTE,-203.0,-141.0,62.0
2021-04-29 10:00:00,2021-04-29 06:00:00,2021-04-29 11:00:00,2021-04-29 07:00:00,ALTW,-119.0,-50.0,69.0
2021-04-29 10:00:00,2021-04-29 06:00:00,2021-04-29 11:00:00,2021-04-29 07:00:00,AMIL,1115.0,0.0,-1115.0
2021-04-29 10:00:00,2021-04-29 06:00:00,2021-04-29 11:00:00,2021-04-29 07:00:00,CIN,-946.0,-737.5,208.5
2021-04-29 10:00:00,2021-04-29 06:00:00,2021-04-29 11:00:00,2021-04-29 07:00:00,CPLE,131.0,115.0,-16.0
2021-04-29 10:00:00,2021-04-29 06:00:00,2021-04-29 11:00:00,2021-04-29 07:00:00,CPLW,-56.0,0.0,56.0
2021-04-29 10:00:00,2021-04-29 06:00:00,2021-04-29 11:00:00,2021-04-29 07:00:00,CWLP,47.0,0.0,-47.0
2021-04-29 10:00:00,2021-04-29 06:00:00,2021-04-29 11:00:00,2021-04-29 07:00:00,DUK,384.0,89.0,-295.0
2021-04-29 10:00:00,2021-04-29 06:00:00,2021-04-29 11:00:00,2021-04-29 07:00:00,HUDS,-3.156,-3.156,0.0
2021-04-29 10:00:00,2021-04-29 06:00:00,2021-04-29 11:00:00,2021-04-29 07:00:00,IPL,-233.0,-175.0,58.0
2021-04-29 10:00:00,2021-04-29 06:00:00,2021-04-29 11:00:00,2021-04-29 07:00:00,LAGN,0.0,0.0,0.0
2021-04-29 10:00:00,2021-04-29 06:00:00,2021-04-29 11:00:00,2021-04-29 07:00:00,LGEE,346.0,-51.0,-397.0
2021-04-29 10:00:00,2021-04-29 06:00:00,2021-04-29 11:00:00,2021-04-29 07:00:00,LIND,-8.308,-8.308,0.0
2021-04-29 10:00:00,2021-04-29 06:00:00,2021-04-29 11:00:00,2021-04-29 07:00:00,MDU,0.0,8.0,8.0
2021-04-29 10:00:00,2021-04-29 06:00:00,2021-04-29 11:00:00,2021-04-29 07:00:00,MEC,-832.0,-647.0,185.0
2021-04-29 10:00:00,2021-04-29 06:00:00,2021-04-29 11:00:00,2021-04-29 07:00:00,MECS,-2237.0,-560.0,1677.0
2021-04-29 10:00:00,2021-04-29 06:00:00,2021-04-29 11:00:00,2021-04-29 07:00:00,NEPT,-381.298,-381.298,0.0
2021-04-29 10:00:00,2021-04-29 06:00:00,2021-04-29 11:00:00,2021-04-29 07:00:00,NIPS,-1331.0,0.0,1331.0
2021-04-29 10:00:00,2021-04-29 06:00:00,2021-04-29 11:00:00,2021-04-29 07:00:00,NYIS,63.048,69.469,6.421
2021-04-29 10:00:00,2021-04-29 06:00:00,2021-04-29 11:00:00,2021-04-29 07:00:00,SIGE,7.0,0.0,-7.0
2021-04-29 10:00:00,2021-04-29 06:00:00,2021-04-29 11:00:00,2021-04-29 07:00:00,TVA,863.0,64.0,-799.0
2021-04-29 10:00:00,2021-04-29 06:00:00,2021-04-29 11:00:00,2021-04-29 07:00:00,WEC,1112.0,0.0,-1112.0
2021-04-29 11:00:00,2021-04-29 07:00:00,2021-04-29 12:00:00,2021-04-29 08:00:00,ALTE,-118.0,-160.0,-42.0
2021-04-29 11:00:00,2021-04-29 07:00:00,2021-04-29 12:00:00,2021-04-29 08:00:00,ALTW,-25.0,-50.0,-25.0
2021-04-29 11:00:00,2021-04-29 07:00:00,2021-04-29 12:00:00,2021-04-29 08:00:00,AMIL,868.0,0.0,-868.0
2021-04-29 11:00:00,2021-04-29 07:00:00,2021-04-29 12:00:00,2021-04-29 08:00:00,CIN,-1052.0,-700.0,352.0
2021-04-29 11:00:00,2021-04-29 07:00:00,2021-04-29 12:00:00,2021-04-29 08:00:00,CPLE,-24.0,105.0,129.0
2021-04-29 11:00:00,2021-04-29 07:00:00,2021-04-29 12:00:00,2021-04-29 08:00:00,CPLW,-50.0,0.0,50.0
2021-04-29 11:00:00,2021-04-29 07:00:00,2021-04-29 12:00:00,2021-04-29 08:00:00,CWLP,51.0,0.0,-51.0
2021-04-29 11:00:00,2021-04-29 07:00:00,2021-04-29 12:00:00,2021-04-29 08:00:00,DUK,442.0,104.0,-338.0
2021-04-29 11:00:00,2021-04-29 07:00:00,2021-04-29 12:00:00,2021-04-29 08:00:00,HUDS,-6.168,-6.168,0.0
2021-04-29 11:00:00,2021-04-29 07:00:00,2021-04-29 12:00:00,2021-04-29 08:00:00,IPL,-299.0,-131.25,167.75
2021-04-29 11:00:00,2021-04-29 07:00:00,2021-04-29 12:00:00,2021-04-29 08:00:00,LAGN,0.0,0.0,0.0
2021-04-29 11:00:00,2021-04-29 07:00:00,2021-04-29 12:00:00,2021-04-29 08:00:00,LGEE,186.0,-63.0,-249.0
2021-04-29 11:00:00,2021-04-29 07:00:00,2021-04-29 12:00:00,2021-04-29 08:00:00,LIND,-8.215,-8.215,0.0
2021-04-29 11:00:00,2021-04-29 07:00:00,2021-04-29 12:00:00,2021-04-29 08:00:00,MDU,0.0,63.0,63.0
2021-04-29 11:00:00,2021-04-29 07:00:00,2021-04-29 12:00:00,2021-04-29 08:00:00,MEC,-880.0,-647.0,233.0
2021-04-29 11:00:00,2021-04-29 07:00:00,2021-04-29 12:00:00,2021-04-29 08:00:00,MECS,-1780.0,-482.5,1297.5
2021-04-29 11:00:00,2021-04-29 07:00:00,2021-04-29 12:00:00,2021-04-29 08:00:00,NEPT,-381.31,-381.31,0.0
2021-04-29 11:00:00,2021-04-29 07:00:00,2021-04-29 12:00:00,2021-04-29 08:00:00,NIPS,-1376.0,0.0,1376.0
2021-04-29 11:00:00,2021-04-29 07:00:00,2021-04-29 12:00:00,2021-04-29 08:00:00,NYIS,337.904,157.188,-180.716
2021-04-29 11:00:00,2021-04-29 07:00:00,2021-04-29 12:00:00,2021-04-29 08:00:00,SIGE,8.0,0.0,-8.0
2021-04-29 11:00:00,2021-04-29 07:00:00,2021-04-29 12:00:00,2021-04-29 08:00:00,TVA,727.0,14.0,-713.0
2021-04-29 11:00:00,2021-04-29 07:00:00,2021-04-29 12:00:00,2021-04-29 08:00:00,WEC,1265.0,0.0,-1265.0
2021-04-29 12:00:00,2021-04-29 08:00:00,2021-04-29 13:00:00,2021-04-29 09:00:00,ALTE,-231.0,-5.0,226.0
2021-04-29 12:00:00,2021-04-29 08:00:00,2021-04-29 13:00:00,2021-04-29 09:00:00,ALTW,-128.0,-50.0,78.0
2021-04-29 12:00:00,2021-04-29 08:00:00,2021-04-29 13:00:00,2021-04-29 09:00:00,AMIL,842.0,0.0,-842.0
2021-04-29 12:00:00,2021-04-29 08:00:00,2021-04-29 13:00:00,2021-04-29 09:00:00,CIN,-1005.0,-675.0,330.0
2021-04-29 12:00:00,2021-04-29 08:00:00,2021-04-29 13:00:00,2021-04-29 09:00:00,CPLE,-88.0,30.0,118.0
2021-04-29 12:00:00,2021-04-29 08:00:00,2021-04-29 13:00:00,2021-04-29 09:00:00,CPLW,-40.0,0.0,40.0
2021-04-29 12:00:00,2021-04-29 08:00:00,2021-04-29 13:00:00,2021-04-29 09:00:00,CWLP,60.0,0.0,-60.0
2021-04-29 12:00:00,2021-04-29 08:00:00,2021-04-29 13:00:00,2021-04-29 09:00:00,DUK,543.0,236.0,-307.0
2021-04-29 12:00:00,2021-04-29 08:00:00,2021-04-29 13:00:00,2021-04-29 09:00:00,HUDS,-121.26,-121.26,0.0
2021-04-29 12:00:00,2021-04-29 08:00:00,2021-04-29 13:00:00,2021-04-29 09:00:00,IPL,-233.0,0.0,233.0
2021-04-29 12:00:00,2021-04-29 08:00:00,2021-04-29 13:00:00,2021-04-29 09:00:00,LAGN,0.0,0.0,0.0
2021-04-29 12:00:00,2021-04-29 08:00:00,2021-04-29 13:00:00,2021-04-29 09:00:00,LGEE,245.0,-63.0,-308.0
2021-04-29 12:00:00,2021-04-29 08:00:00,2021-04-29 13:00:00,2021-04-29 09:00:00,LIND,-253.714,-253.714,0.0
2021-04-29 12:00:00,2021-04-29 08:00:00,2021-04-29 13:00:00,2021-04-29 09:00:00,MDU,0.0,59.0,59.0
2021-04-29 12:00:00,2021-04-29 08:00:00,2021-04-29 13:00:00,2021-04-29 09:00:00,MEC,-863.0,-647.0,216.0
2021-04-29 12:00:00,2021-04-29 08:00:00,2021-04-29 13:00:00,2021-04-29 09:00:00,MECS,-1502.0,-500.0,1002.0
2021-04-29 12:00:00,2021-04-29 08:00:00,2021-04-29 13:00:00,2021-04-29 09:00:00,NEPT,-381.446,-381.446,0.0
2021-04-29 12:00:00,2021-04-29 08:00:00,2021-04-29 13:00:00,2021-04-29 09:00:00,NIPS,-1264.0,0.0,1264.0
2021-04-29 12:00:00,2021-04-29 08:00:00,2021-04-29 13:00:00,2021-04-29 09:00:00,NYIS,319.071,91.125,-227.946
2021-04-29 12:00:00,2021-04-29 08:00:00,2021-04-29 13:00:00,2021-04-29 09:00:00,SIGE,7.0,0.0,-7.0
2021-04-29 12:00:00,2021-04-29 08:00:00,2021-04-29 13:00:00,2021-04-29 09:00:00,TVA,842.0,64.0,-778.0
2021-04-29 12:00:00,2021-04-29 08:00:00,2021-04-29 13:00:00,2021-04-29 09:00:00,WEC,1038.0,0.0,-1038.0
2021-04-29 13:00:00,2021-04-29 09:00:00,2021-04-29 14:00:00,2021-04-29 10:00:00,ALTE,-322.0,-47.0,275.0
2021-04-29 13:00:00,2021-04-29 09:00:00,2021-04-29 14:00:00,2021-04-29 10:00:00,ALTW,-308.0,-50.0,258.0
2021-04-29 13:00:00,2021-04-29 09:00:00,2021-04-29 14:00:00,2021-04-29 10:00:00,AMIL,549.0,0.0,-549.0
2021-04-29 13:00:00,2021-04-29 09:00:00,2021-04-29 14:00:00,2021-04-29 10:00:00,CIN,-945.0,-800.0,145.0
2021-04-29 13:00:00,2021-04-29 09:00:00,2021-04-29 14:00:00,2021-04-29 10:00:00,CPLE,-246.0,14.0,260.0
2021-04-29 13:00:00,2021-04-29 09:00:00,2021-04-29 14:00:00,2021-04-29 10:00:00,CPLW,-35.0,0.0,35.0
2021-04-29 13:00:00,2021-04-29 09:00:00,2021-04-29 14:00:00,2021-04-29 10:00:00,CWLP,35.0,0.0,-35.0
2021-04-29 13:00:00,2021-04-29 09:00:00,2021-04-29 14:00:00,2021-04-29 10:00:00,DUK,609.0,278.75,-330.25
2021-04-29 13:00:00,2021-04-29 09:00:00,2021-04-29 14:00:00,2021-04-29 10:00:00,HUDS,-160.02,-160.02,0.0
2021-04-29 13:00:00,2021-04-29 09:00:00,2021-04-29 14:00:00,2021-04-29 10:00:00,IPL,-204.0,0.0,204.0
2021-04-29 13:00:00,2021-04-29 09:00:00,2021-04-29 14:00:00,2021-04-29 10:00:00,LAGN,0.0,0.0,0.0
2021-04-29 13:00:00,2021-04-29 09:00:00,2021-04-29 14:00:00,2021-04-29 10:00:00,LGEE,258.0,-63.0,-321.0
2021-04-29 13:00:00,2021-04-29 09:00:00,2021-04-29 14:00:00,2021-04-29 10:00:00,LIND,-319.91,-319.91,0.0
2021-04-29 13:00:00,2021-04-29 09:00:00,2021-04-29 14:00:00,2021-04-29 10:00:00,MDU,0.0,29.0,29.0
2021-04-29 13:00:00,2021-04-29 09:00:00,2021-04-29 14:00:00,2021-04-29 10:00:00,MEC,-913.0,-647.0,266.0
2021-04-29 13:00:00,2021-04-29 09:00:00,2021-04-29 14:00:00,2021-04-29 10:00:00,MECS,-1136.0,-525.0,611.0
2021-04-29 13:00:00,2021-04-29 09:00:00,2021-04-29 14:00:00,2021-04-29 10:00:00,NEPT,-381.306,-381.306,0.0
2021-04-29 13:00:00,2021-04-29 09:00:00,2021-04-29 14:00:00,2021-04-29 10:00:00,NIPS,-1192.0,0.0,1192.0
2021-04-29 13:00:00,2021-04-29 09:00:00,2021-04-29 14:00:00,2021-04-29 10:00:00,NYIS,382.447,130.034,-252.413
2021-04-29 13:00:00,2021-04-29 09:00:00,2021-04-29 14:00:00,2021-04-29 10:00:00,SIGE,25.0,0.0,-25.0
2021-04-29 13:00:00,2021-04-29 09:00:00,2021-04-29 14:00:00,2021-04-29 10:00:00,TVA,850.0,64.0,-786.0
2021-04-29 13:00:00,2021-04-29 09:00:00,2021-04-29 14:00:00,2021-04-29 10:00:00,WEC,842.0,0.0,-842.0
2021-04-29 14:00:00,2021-04-29 10:00:00,2021-04-29 15:00:00,2021-04-29 11:00:00,ALTE,-407.0,-13.0,394.0
2021-04-29 14:00:00,2021-04-29 10:00:00,2021-04-29 15:00:00,2021-04-29 11:00:00,ALTW,-342.0,-50.0,292.0
2021-04-29 14:00:00,2021-04-29 10:00:00,2021-04-29 15:00:00,2021-04-29 11:00:00,AMIL,349.0,0.0,-349.0
2021-04-29 14:00:00,2021-04-29 10:00:00,2021-04-29 15:00:00,2021-04-29 11:00:00,CIN,-739.0,-1487.5,-748.5
2021-04-29 14:00:00,2021-04-29 10:00:00,2021-04-29 15:00:00,2021-04-29 11:00:00,CPLE,-377.0,-17.0,360.0
2021-04-29 14:00:00,2021-04-29 10:00:00,2021-04-29 15:00:00,2021-04-29 11:00:00,CPLW,-65.0,0.0,65.0
2021-04-29 14:00:00,2021-04-29 10:00:00,2021-04-29 15:00:00,2021-04-29 11:00:00,CWLP,-24.0,0.0,24.0
2021-04-29 14:00:00,2021-04-29 10:00:00,2021-04-29 15:00:00,2021-04-29 11:00:00,DUK,537.0,210.0,-327.0
2021-04-29 14:00:00,2021-04-29 10:00:00,2021-04-29 15:00:00,2021-04-29 11:00:00,HUDS,-227.64,-227.64,0.0
2021-04-29 14:00:00,2021-04-29 10:00:00,2021-04-29 15:00:00,2021-04-29 11:00:00,IPL,-251.0,0.0,251.0
2021-04-29 14:00:00,2021-04-29 10:00:00,2021-04-29 15:00:00,2021-04-29 11:00:00,LAGN,0.0,0.0,0.0
2021-04-29 14:00:00,2021-04-29 10:00:00,2021-04-29 15:00:00,2021-04-29 11:00:00,LGEE,228.0,-63.0,-291.0
2021-04-29 14:00:00,2021-04-29 10:00:00,2021-04-29 15:00:00,2021-04-29 11:00:00,LIND,-321.012,-321.012,0.0
2021-04-29 14:00:00,2021-04-29 10:00:00,2021-04-29 15:00:00,2021-04-29 11:00:00,MDU,0.0,17.0,17.0
2021-04-29 14:00:00,2021-04-29 10:00:00,2021-04-29 15:00:00,2021-04-29 11:00:00,MEC,-937.0,-647.0,290.0
2021-04-29 14:00:00,2021-04-29 10:00:00,2021-04-29 15:00:00,2021-04-29 11:00:00,MECS,-808.0,-550.0,258.0
2021-04-29 14:00:00,2021-04-29 10:00:00,2021-04-29 15:00:00,2021-04-29 11:00:00,NEPT,-381.362,-381.362,0.0
2021-04-29 14:00:00,2021-04-29 10:00:00,2021-04-29 15:00:00,2021-04-29 11:00:00,NIPS,-1262.0,0.0,1262.0
2021-04-29 14:00:00,2021-04-29 10:00:00,2021-04-29 15:00:00,2021-04-29 11:00:00,NYIS,300.621,40.181,-260.44
2021-04-29 14:00:00,2021-04-29 10:00:00,2021-04-29 15:00:00,2021-04-29 11:00:00,SIGE,39.0,0.0,-39.0
2021-04-29 14:00:00,2021-04-29 10:00:00,2021-04-29 15:00:00,2021-04-29 11:00:00,TVA,671.0,108.0,-563.0
2021-04-29 14:00:00,2021-04-29 10:00:00,2021-04-29 15:00:00,2021-04-29 11:00:00,WEC,709.0,0.0,-709.0
2021-04-29 15:00:00,2021-04-29 11:00:00,2021-04-29 16:00:00,2021-04-29 12:00:00,ALTE,-337.0,-127.5,209.5
2021-04-29 15:00:00,2021-04-29 11:00:00,2021-04-29 16:00:00,2021-04-29 12:00:00,ALTW,-173.0,-50.0,123.0
2021-04-29 15:00:00,2021-04-29 11:00:00,2021-04-29 16:00:00,2021-04-29 12:00:00,AMIL,258.0,0.0,-258.0
2021-04-29 15:00:00,2021-04-29 11:00:00,2021-04-29 16:00:00,2021-04-29 12:00:00,CIN,-726.0,-1237.5,-511.5
2021-04-29 15:00:00,2021-04-29 11:00:00,2021-04-29 16:00:00,2021-04-29 12:00:00,CPLE,-450.0,-71.0,379.0
2021-04-29 15:00:00,2021-04-29 11:00:00,2021-04-29 16:00:00,2021-04-29 12:00:00,CPLW,-106.0,0.0,106.0
2021-04-29 15:00:00,2021-04-29 11:00:00,2021-04-29 16:00:00,2021-04-29 12:00:00,CWLP,-20.0,0.0,20.0
2021-04-29 15:00:00,2021-04-29 11:00:00,2021-04-29 16:00:00,2021-04-29 12:00:00,DUK,318.0,196.0,-122.0
2021-04-29 15:00:00,2021-04-29 11:00:00,2021-04-29 16:00:00,2021-04-29 12:00:00,HUDS,-227.268,-227.268,0.0
2021-04-29 15:00:00,2021-04-29 11:00:00,2021-04-29 16:00:00,2021-04-29 12:00:00,IPL,-400.0,0.0,400.0
2021-04-29 15:00:00,2021-04-29 11:00:00,2021-04-29 16:00:00,2021-04-29 12:00:00,LAGN,0.0,0.0,0.0
2021-04-29 15:00:00,2021-04-29 11:00:00,2021-04-29 16:00:00,2021-04-29 12:00:00,LGEE,143.0,-52.0,-195.0
2021-04-29 15:00:00,2021-04-29 11:00:00,2021-04-29 16:00:00,2021-04-29 12:00:00,LIND,-321.005,-321.005,0.0
2021-04-29 15:00:00,2021-04-29 11:00:00,2021-04-29 16:00:00,2021-04-29 12:00:00,MDU,0.0,22.0,22.0
2021-04-29 15:00:00,2021-04-29 11:00:00,2021-04-29 16:00:00,2021-04-29 12:00:00,MEC,-998.0,-647.0,351.0
2021-04-29 15:00:00,2021-04-29 11:00:00,2021-04-29 16:00:00,2021-04-29 12:00:00,MECS,-164.0,-550.0,-386.0
2021-04-29 15:00:00,2021-04-29 11:00:00,2021-04-29 16:00:00,2021-04-29 12:00:00,NEPT,-381.444,-381.444,0.0
2021-04-29 15:00:00,2021-04-29 11:00:00,2021-04-29 16:00:00,2021-04-29 12:00:00,NIPS,-1410.0,0.0,1410.0
2021-04-29 15:00:00,2021-04-29 11:00:00,2021-04-29 16:00:00,2021-04-29 12:00:00,NYIS,261.424,-4.605,-266.029
2021-04-29 15:00:00,2021-04-29 11:00:00,2021-04-29 16:00:00,2021-04-29 12:00:00,SIGE,44.0,0.0,-44.0
2021-04-29 15:00:00,2021-04-29 11:00:00,2021-04-29 16:00:00,2021-04-29 12:00:00,TVA,414.0,45.0,-369.0
2021-04-29 15:00:00,2021-04-29 11:00:00,2021-04-29 16:00:00,2021-04-29 12:00:00,WEC,847.0,0.0,-847.0
2021-04-29 16:00:00,2021-04-29 12:00:00,2021-04-29 17:00:00,2021-04-29 13:00:00,ALTE,-243.0,-100.0,143.0
2021-04-29 16:00:00,2021-04-29 12:00:00,2021-04-29 17:00:00,2021-04-29 13:00:00,ALTW,-36.0,0.0,36.0
2021-04-29 16:00:00,2021-04-29 12:00:00,2021-04-29 17:00:00,2021-04-29 13:00:00,AMIL,459.0,0.0,-459.0
2021-04-29 16:00:00,2021-04-29 12:00:00,2021-04-29 17:00:00,2021-04-29 13:00:00,CIN,-849.0,-1045.0,-196.0
2021-04-29 16:00:00,2021-04-29 12:00:00,2021-04-29 17:00:00,2021-04-29 13:00:00,CPLE,-299.0,-97.0,202.0
2021-04-29 16:00:00,2021-04-29 12:00:00,2021-04-29 17:00:00,2021-04-29 13:00:00,CPLW,-112.0,0.0,112.0
2021-04-29 16:00:00,2021-04-29 12:00:00,2021-04-29 17:00:00,2021-04-29 13:00:00,CWLP,-21.0,0.0,21.0
2021-04-29 16:00:00,2021-04-29 12:00:00,2021-04-29 17:00:00,2021-04-29 13:00:00,DUK,317.0,160.0,-157.0
2021-04-29 16:00:00,2021-04-29 12:00:00,2021-04-29 17:00:00,2021-04-29 13:00:00,HUDS,-231.84,-231.84,0.0
2021-04-29 16:00:00,2021-04-29 12:00:00,2021-04-29 17:00:00,2021-04-29 13:00:00,IPL,-430.0,0.0,430.0
2021-04-29 16:00:00,2021-04-29 12:00:00,2021-04-29 17:00:00,2021-04-29 13:00:00,LAGN,0.0,0.0,0.0
2021-04-29 16:00:00,2021-04-29 12:00:00,2021-04-29 17:00:00,2021-04-29 13:00:00,LGEE,157.0,-52.0,-209.0
2021-04-29 16:00:00,2021-04-29 12:00:00,2021-04-29 17:00:00,2021-04-29 13:00:00,LIND,-321.084,-321.084,0.0
2021-04-29 16:00:00,2021-04-29 12:00:00,2021-04-29 17:00:00,2021-04-29 13:00:00,MDU,0.0,24.0,24.0
2021-04-29 16:00:00,2021-04-29 12:00:00,2021-04-29 17:00:00,2021-04-29 13:00:00,MEC,-1000.0,-647.0,353.0
2021-04-29 16:00:00,2021-04-29 12:00:00,2021-04-29 17:00:00,2021-04-29 13:00:00,MECS,-605.0,-500.0,105.0
2021-04-29 16:00:00,2021-04-29 12:00:00,2021-04-29 17:00:00,2021-04-29 13:00:00,NEPT,-381.476,-381.476,0.0
2021-04-29 16:00:00,2021-04-29 12:00:00,2021-04-29 17:00:00,2021-04-29 13:00:00,NIPS,-1533.0,0.0,1533.0
2021-04-29 16:00:00,2021-04-29 12:00:00,2021-04-29 17:00:00,2021-04-29 13:00:00,NYIS,191.909,21.62,-170.289
2021-04-29 16:00:00,2021-04-29 12:00:00,2021-04-29 17:00:00,2021-04-29 13:00:00,SIGE,27.0,0.0,-27.0
2021-04-29 16:00:00,2021-04-29 12:00:00,2021-04-29 17:00:00,2021-04-29 13:00:00,TVA,647.0,44.0,-603.0
2021-04-29 16:00:00,2021-04-29 12:00:00,2021-04-29 17:00:00,2021-04-29 13:00:00,WEC,1107.0,0.0,-1107.0
2021-04-29 17:00:00,2021-04-29 13:00:00,2021-04-29 18:00:00,2021-04-29 14:00:00,ALTE,-331.0,-131.25,199.75
2021-04-29 17:00:00,2021-04-29 13:00:00,2021-04-29 18:00:00,2021-04-29 14:00:00,ALTW,35.0,0.0,-35.0
2021-04-29 17:00:00,2021-04-29 13:00:00,2021-04-29 18:00:00,2021-04-29 14:00:00,AMIL,435.0,0.0,-435.0
2021-04-29 17:00:00,2021-04-29 13:00:00,2021-04-29 18:00:00,2021-04-29 14:00:00,CIN,-1004.0,-915.0,89.0
2021-04-29 17:00:00,2021-04-29 13:00:00,2021-04-29 18:00:00,2021-04-29 14:00:00,CPLE,-85.0,-75.0,10.0
2021-04-29 17:00:00,2021-04-29 13:00:00,2021-04-29 18:00:00,2021-04-29 14:00:00,CPLW,-91.0,0.0,91.0
2021-04-29 17:00:00,2021-04-29 13:00:00,2021-04-29 18:00:00,2021-04-29 14:00:00,CWLP,-46.0,0.0,46.0
2021-04-29 17:00:00,2021-04-29 13:00:00,2021-04-29 18:00:00,2021-04-29 14:00:00,DUK,381.0,206.0,-175.0
2021-04-29 17:00:00,2021-04-29 13:00:00,2021-04-29 18:00:00,2021-04-29 14:00:00,HUDS,-286.152,-286.152,0.0
2021-04-29 17:00:00,2021-04-29 13:00:00,2021-04-29 18:00:00,2021-04-29 14:00:00,IPL,-426.0,0.0,426.0
2021-04-29 17:00:00,2021-04-29 13:00:00,2021-04-29 18:00:00,2021-04-29 14:00:00,LAGN,0.0,0.0,0.0
2021-04-29 17:00:00,2021-04-29 13:00:00,2021-04-29 18:00:00,2021-04-29 14:00:00,LGEE,186.0,-52.0,-238.0
2021-04-29 17:00:00,2021-04-29 13:00:00,2021-04-29 18:00:00,2021-04-29 14:00:00,LIND,-321.055,-321.055,0.0
2021-04-29 17:00:00,2021-04-29 13:00:00,2021-04-29 18:00:00,2021-04-29 14:00:00,MDU,0.0,35.0,35.0
2021-04-29 17:00:00,2021-04-29 13:00:00,2021-04-29 18:00:00,2021-04-29 14:00:00,MEC,-961.0,-647.0,314.0
2021-04-29 17:00:00,2021-04-29 13:00:00,2021-04-29 18:00:00,2021-04-29 14:00:00,MECS,-588.0,-500.0,88.0
2021-04-29 17:00:00,2021-04-29 13:00:00,2021-04-29 18:00:00,2021-04-29 14:00:00,NEPT,-381.489,-381.489,0.0
2021-04-29 17:00:00,2021-04-29 13:00:00,2021-04-29 18:00:00,2021-04-29 14:00:00,NIPS,-1540.0,0.0,1540.0
2021-04-29 17:00:00,2021-04-29 13:00:00,2021-04-29 18:00:00,2021-04-29 14:00:00,NYIS,360.432,4.567,-355.865
2021-04-29 17:00:00,2021-04-29 13:00:00,2021-04-29 18:00:00,2021-04-29 14:00:00,SIGE,17.0,0.0,-17.0
2021-04-29 17:00:00,2021-04-29 13:00:00,2021-04-29 18:00:00,2021-04-29 14:00:00,TVA,714.0,45.0,-669.0
2021-04-29 17:00:00,2021-04-29 13:00:00,2021-04-29 18:00:00,2021-04-29 14:00:00,WEC,1045.0,0.0,-1045.0
2021-04-29 18:00:00,2021-04-29 14:00:00,2021-04-29 19:00:00,2021-04-29 15:00:00,ALTE,-359.0,-200.0,159.0
2021-04-29 18:00:00,2021-04-29 14:00:00,2021-04-29 19:00:00,2021-04-29 15:00:00,ALTW,30.0,-1.0,-31.0
2021-04-29 18:00:00,2021-04-29 14:00:00,2021-04-29 19:00:00,2021-04-29 15:00:00,AMIL,501.0,0.0,-501.0
2021-04-29 18:00:00,2021-04-29 14:00:00,2021-04-29 19:00:00,2021-04-29 15:00:00,CIN,-967.0,-925.0,42.0
2021-04-29 18:00:00,2021-04-29 14:00:00,2021-04-29 19:00:00,2021-04-29 15:00:00,CPLE,162.0,-50.0,-212.0
2021-04-29 18:00:00,2021-04-29 14:00:00,2021-04-29 19:00:00,2021-04-29 15:00:00,CPLW,-89.0,0.0,89.0
2021-04-29 18:00:00,2021-04-29 14:00:00,2021-04-29 19:00:00,2021-04-29 15:00:00,CWLP,-55.0,0.0,55.0
2021-04-29 18:00:00,2021-04-29 14:00:00,2021-04-29 19:00:00,2021-04-29 15:00:00,DUK,378.0,306.0,-72.0
2021-04-29 18:00:00,2021-04-29 14:00:00,2021-04-29 19:00:00,2021-04-29 15:00:00,HUDS,-275.7,-275.7,0.0
2021-04-29 18:00:00,2021-04-29 14:00:00,2021-04-29 19:00:00,2021-04-29 15:00:00,IPL,-367.0,0.0,367.0
2021-04-29 18:00:00,2021-04-29 14:00:00,2021-04-29 19:00:00,2021-04-29 15:00:00,LAGN,0.0,0.0,0.0
2021-04-29 18:00:00,2021-04-29 14:00:00,2021-04-29 19:00:00,2021-04-29 15:00:00,LGEE,251.0,-52.0,-303.0
2021-04-29 18:00:00,2021-04-29 14:00:00,2021-04-29 19:00:00,2021-04-29 15:00:00,LIND,-321.084,-321.084,0.0
2021-04-29 18:00:00,2021-04-29 14:00:00,2021-04-29 19:00:00,2021-04-29 15:00:00,MDU,0.0,23.0,23.0
2021-04-29 18:00:00,2021-04-29 14:00:00,2021-04-29 19:00:00,2021-04-29 15:00:00,MEC,-944.0,-647.0,297.0
2021-04-29 18:00:00,2021-04-29 14:00:00,2021-04-29 19:00:00,2021-04-29 15:00:00,MECS,-740.0,-554.25,185.75
2021-04-29 18:00:00,2021-04-29 14:00:00,2021-04-29 19:00:00,2021-04-29 15:00:00,NEPT,-381.462,-381.462,0.0
2021-04-29 18:00:00,2021-04-29 14:00:00,2021-04-29 19:00:00,2021-04-29 15:00:00,NIPS,-1542.0,0.0,1542.0
2021-04-29 18:00:00,2021-04-29 14:00:00,2021-04-29 19:00:00,2021-04-29 15:00:00,NYIS,49.555,-48.491,-98.046
2021-04-29 18:00:00,2021-04-29 14:00:00,2021-04-29 19:00:00,2021-04-29 15:00:00,SIGE,29.0,0.0,-29.0
2021-04-29 18:00:00,2021-04-29 14:00:00,2021-04-29 19:00:00,2021-04-29 15:00:00,TVA,779.0,45.0,-734.0
2021-04-29 18:00:00,2021-04-29 14:00:00,2021-04-29 19:00:00,2021-04-29 15:00:00,WEC,872.0,0.0,-872.0
2021-04-29 19:00:00,2021-04-29 15:00:00,2021-04-29 20:00:00,2021-04-29 16:00:00,ALTE,-439.0,-287.5,151.5
2021-04-29 19:00:00,2021-04-29 15:00:00,2021-04-29 20:00:00,2021-04-29 16:00:00,ALTW,-3.0,-50.0,-47.0
2021-04-29 19:00:00,2021-04-29 15:00:00,2021-04-29 20:00:00,2021-04-29 16:00:00,AMIL,399.0,0.0,-399.0
2021-04-29 19:00:00,2021-04-29 15:00:00,2021-04-29 20:00:00,2021-04-29 16:00:00,CIN,-886.0,-955.0,-69.0
2021-04-29 19:00:00,2021-04-29 15:00:00,2021-04-29 20:00:00,2021-04-29 16:00:00,CPLE,71.0,-46.0,-117.0
2021-04-29 19:00:00,2021-04-29 15:00:00,2021-04-29 20:00:00,2021-04-29 16:00:00,CPLW,-103.0,0.0,103.0
2021-04-29 19:00:00,2021-04-29 15:00:00,2021-04-29 20:00:00,2021-04-29 16:00:00,CWLP,-47.0,0.0,47.0
2021-04-29 19:00:00,2021-04-29 15:00:00,2021-04-29 20:00:00,2021-04-29 16:00:00,DUK,271.0,398.0,127.0
2021-04-29 19:00:00,2021-04-29 15:00:00,2021-04-29 20:00:00,2021-04-29 16:00:00,HUDS,-275.028,-275.028,0.0
2021-04-29 19:00:00,2021-04-29 15:00:00,2021-04-29 20:00:00,2021-04-29 16:00:00,IPL,-370.0,-200.0,170.0
2021-04-29 19:00:00,2021-04-29 15:00:00,2021-04-29 20:00:00,2021-04-29 16:00:00,LAGN,0.0,0.0,0.0
2021-04-29 19:00:00,2021-04-29 15:00:00,2021-04-29 20:00:00,2021-04-29 16:00:00,LGEE,294.0,-52.0,-346.0
2021-04-29 19:00:00,2021-04-29 15:00:00,2021-04-29 20:00:00,2021-04-29 16:00:00,LIND,-321.062,-321.062,0.0
2021-04-29 19:00:00,2021-04-29 15:00:00,2021-04-29 20:00:00,2021-04-29 16:00:00,MDU,0.0,2.0,2.0
2021-04-29 19:00:00,2021-04-29 15:00:00,2021-04-29 20:00:00,2021-04-29 16:00:00,MEC,-956.0,-647.0,309.0
2021-04-29 19:00:00,2021-04-29 15:00:00,2021-04-29 20:00:00,2021-04-29 16:00:00,MECS,-960.0,-822.5,137.5
2021-04-29 19:00:00,2021-04-29 15:00:00,2021-04-29 20:00:00,2021-04-29 16:00:00,NEPT,-381.416,-381.416,0.0
2021-04-29 19:00:00,2021-04-29 15:00:00,2021-04-29 20:00:00,2021-04-29 16:00:00,NIPS,-1506.0,0.0,1506.0
2021-04-29 19:00:00,2021-04-29 15:00:00,2021-04-29 20:00:00,2021-04-29 16:00:00,NYIS,-142.261,-141.366,0.895
2021-04-29 19:00:00,2021-04-29 15:00:00,2021-04-29 20:00:00,2021-04-29 16:00:00,SIGE,12.0,0.0,-12.0
2021-04-29 19:00:00,2021-04-29 15:00:00,2021-04-29 20:00:00,2021-04-29 16:00:00,TVA,761.0,44.0,-717.0
2021-04-29 19:00:00,2021-04-29 15:00:00,2021-04-29 20:00:00,2021-04-29 16:00:00,WEC,707.0,0.0,-707.0
2021-04-29 20:00:00,2021-04-29 16:00:00,2021-04-29 21:00:00,2021-04-29 17:00:00,ALTE,-213.0,-300.0,-87.0
2021-04-29 20:00:00,2021-04-29 16:00:00,2021-04-29 21:00:00,2021-04-29 17:00:00,ALTW,89.0,0.0,-89.0
2021-04-29 20:00:00,2021-04-29 16:00:00,2021-04-29 21:00:00,2021-04-29 17:00:00,AMIL,181.0,0.0,-181.0
2021-04-29 20:00:00,2021-04-29 16:00:00,2021-04-29 21:00:00,2021-04-29 17:00:00,CIN,-975.0,-925.0,50.0
2021-04-29 20:00:00,2021-04-29 16:00:00,2021-04-29 21:00:00,2021-04-29 17:00:00,CPLE,78.0,-49.0,-127.0
2021-04-29 20:00:00,2021-04-29 16:00:00,2021-04-29 21:00:00,2021-04-29 17:00:00,CPLW,-83.0,0.0,83.0
2021-04-29 20:00:00,2021-04-29 16:00:00,2021-04-29 21:00:00,2021-04-29 17:00:00,CWLP,-49.0,0.0,49.0
2021-04-29 20:00:00,2021-04-29 16:00:00,2021-04-29 21:00:00,2021-04-29 17:00:00,DUK,336.0,509.0,173.0
2021-04-29 20:00:00,2021-04-29 16:00:00,2021-04-29 21:00:00,2021-04-29 17:00:00,HUDS,-289.896,-289.896,0.0
2021-04-29 20:00:00,2021-04-29 16:00:00,2021-04-29 21:00:00,2021-04-29 17:00:00,IPL,-346.0,-200.0,146.0
2021-04-29 20:00:00,2021-04-29 16:00:00,2021-04-29 21:00:00,2021-04-29 17:00:00,LAGN,0.0,0.0,0.0
2021-04-29 20:00:00,2021-04-29 16:00:00,2021-04-29 21:00:00,2021-04-29 17:00:00,LGEE,285.0,-52.0,-337.0
2021-04-29 20:00:00,2021-04-29 16:00:00,2021-04-29 21:00:00,2021-04-29 17:00:00,LIND,-321.077,-321.077,0.0
2021-04-29 20:00:00,2021-04-29 16:00:00,2021-04-29 21:00:00,2021-04-29 17:00:00,MDU,0.0,23.0,23.0
2021-04-29 20:00:00,2021-04-29 16:00:00,2021-04-29 21:00:00,2021-04-29 17:00:00,MEC,-997.0,-647.0,350.0
2021-04-29 20:00:00,2021-04-29 16:00:00,2021-04-29 21:00:00,2021-04-29 17:00:00,MECS,-861.0,-707.5,153.5
2021-04-29 20:00:00,2021-04-29 16:00:00,2021-04-29 21:00:00,2021-04-29 17:00:00,NEPT,-381.477,-381.477,0.0
2021-04-29 20:00:00,2021-04-29 16:00:00,2021-04-29 21:00:00,2021-04-29 17:00:00,NIPS,-1552.0,0.0,1552.0
2021-04-29 20:00:00,2021-04-29 16:00:00,2021-04-29 21:00:00,2021-04-29 17:00:00,NYIS,-1.488,-137.153,-135.665
2021-04-29 20:00:00,2021-04-29 16:00:00,2021-04-29 21:00:00,2021-04-29 17:00:00,SIGE,9.0,0.0,-9.0
2021-04-29 20:00:00,2021-04-29 16:00:00,2021-04-29 21:00:00,2021-04-29 17:00:00,TVA,774.0,109.0,-665.0
2021-04-29 20:00:00,2021-04-29 16:00:00,2021-04-29 21:00:00,2021-04-29 17:00:00,WEC,1032.0,0.0,-1032.0
2021-04-29 21:00:00,2021-04-29 17:00:00,2021-04-29 22:00:00,2021-04-29 18:00:00,ALTE,-273.0,-300.0,-27.0
2021-04-29 21:00:00,2021-04-29 17:00:00,2021-04-29 22:00:00,2021-04-29 18:00:00,ALTW,103.0,0.0,-103.0
2021-04-29 21:00:00,2021-04-29 17:00:00,2021-04-29 22:00:00,2021-04-29 18:00:00,AMIL,108.0,0.0,-108.0
2021-04-29 21:00:00,2021-04-29 17:00:00,2021-04-29 22:00:00,2021-04-29 18:00:00,CIN,-917.0,-925.0,-8.0
2021-04-29 21:00:00,2021-04-29 17:00:00,2021-04-29 22:00:00,2021-04-29 18:00:00,CPLE,138.0,-99.0,-237.0
2021-04-29 21:00:00,2021-04-29 17:00:00,2021-04-29 22:00:00,2021-04-29 18:00:00,CPLW,-99.0,0.0,99.0
2021-04-29 21:00:00,2021-04-29 17:00:00,2021-04-29 22:00:00,2021-04-29 18:00:00,CWLP,-47.0,0.0,47.0
2021-04-29 21:00:00,2021-04-29 17:00:00,2021-04-29 22:00:00,2021-04-29 18:00:00,DUK,240.0,604.0,364.0
2021-04-29 21:00:00,2021-04-29 17:00:00,2021-04-29 22:00:00,2021-04-29 18:00:00,HUDS,-298.308,-298.308,0.0
2021-04-29 21:00:00,2021-04-29 17:00:00,2021-04-29 22:00:00,2021-04-29 18:00:00,IPL,-349.0,-200.0,149.0
2021-04-29 21:00:00,2021-04-29 17:00:00,2021-04-29 22:00:00,2021-04-29 18:00:00,LAGN,0.0,0.0,0.0
2021-04-29 21:00:00,2021-04-29 17:00:00,2021-04-29 22:00:00,2021-04-29 18:00:00,LGEE,254.0,-52.0,-306.0
2021-04-29 21:00:00,2021-04-29 17:00:00,2021-04-29 22:00:00,2021-04-29 18:00:00,LIND,-321.091,-321.091,0.0
2021-04-29 21:00:00,2021-04-29 17:00:00,2021-04-29 22:00:00,2021-04-29 18:00:00,MDU,0.0,18.0,18.0
2021-04-29 21:00:00,2021-04-29 17:00:00,2021-04-29 22:00:00,2021-04-29 18:00:00,MEC,-1014.0,-647.0,367.0
2021-04-29 21:00:00,2021-04-29 17:00:00,2021-04-29 22:00:00,2021-04-29 18:00:00,MECS,-663.0,-637.5,25.5
2021-04-29 21:00:00,2021-04-29 17:00:00,2021-04-29 22:00:00,2021-04-29 18:00:00,NEPT,-381.467,-381.467,0.0
2021-04-29 21:00:00,2021-04-29 17:00:00,2021-04-29 22:00:00,2021-04-29 18:00:00,NIPS,-1500.0,0.0,1500.0
2021-04-29 21:00:00,2021-04-29 17:00:00,2021-04-29 22:00:00,2021-04-29 18:00:00,NYIS,94.505,-101.9,-196.405
2021-04-29 21:00:00,2021-04-29 17:00:00,2021-04-29 22:00:00,2021-04-29 18:00:00,SIGE,2.0,0.0,-2.0
2021-04-29 21:00:00,2021-04-29 17:00:00,2021-04-29 22:00:00,2021-04-29 18:00:00,TVA,765.0,109.0,-656.0
2021-04-29 21:00:00,2021-04-29 17:00:00,2021-04-29 22:00:00,2021-04-29 18:00:00,WEC,1010.0,0.0,-1010.0
2021-04-29 22:00:00,2021-04-29 18:00:00,2021-04-29 23:00:00,2021-04-29 19:00:00,ALTE,-227.0,-300.0,-73.0
2021-04-29 22:00:00,2021-04-29 18:00:00,2021-04-29 23:00:00,2021-04-29 19:00:00,ALTW,42.0,0.0,-42.0
2021-04-29 22:00:00,2021-04-29 18:00:00,2021-04-29 23:00:00,2021-04-29 19:00:00,AMIL,97.0,0.0,-97.0
2021-04-29 22:00:00,2021-04-29 18:00:00,2021-04-29 23:00:00,2021-04-29 19:00:00,CIN,-850.0,-850.0,0.0
2021-04-29 22:00:00,2021-04-29 18:00:00,2021-04-29 23:00:00,2021-04-29 19:00:00,CPLE,111.0,-63.5,-174.5
2021-04-29 22:00:00,2021-04-29 18:00:00,2021-04-29 23:00:00,2021-04-29 19:00:00,CPLW,-110.0,0.0,110.0
2021-04-29 22:00:00,2021-04-29 18:00:00,2021-04-29 23:00:00,2021-04-29 19:00:00,CWLP,-61.0,0.0,61.0
2021-04-29 22:00:00,2021-04-29 18:00:00,2021-04-29 23:00:00,2021-04-29 19:00:00,DUK,144.0,418.0,274.0
2021-04-29 22:00:00,2021-04-29 18:00:00,2021-04-29 23:00:00,2021-04-29 19:00:00,HUDS,-231.168,-231.168,0.0
2021-04-29 22:00:00,2021-04-29 18:00:00,2021-04-29 23:00:00,2021-04-29 19:00:00,IPL,-261.0,-87.5,173.5
2021-04-29 22:00:00,2021-04-29 18:00:00,2021-04-29 23:00:00,2021-04-29 19:00:00,LAGN,0.0,0.0,0.0
2021-04-29 22:00:00,2021-04-29 18:00:00,2021-04-29 23:00:00,2021-04-29 19:00:00,LGEE,389.0,148.0,-241.0
2021-04-29 22:00:00,2021-04-29 18:00:00,2021-04-29 23:00:00,2021-04-29 19:00:00,LIND,-321.027,-321.027,0.0
2021-04-29 22:00:00,2021-04-29 18:00:00,2021-04-29 23:00:00,2021-04-29 19:00:00,MDU,0.0,4.0,4.0
2021-04-29 22:00:00,2021-04-29 18:00:00,2021-04-29 23:00:00,2021-04-29 19:00:00,MEC,-1115.0,-647.0,468.0
2021-04-29 22:00:00,2021-04-29 18:00:00,2021-04-29 23:00:00,2021-04-29 19:00:00,MECS,-379.0,-537.5,-158.5
2021-04-29 22:00:00,2021-04-29 18:00:00,2021-04-29 23:00:00,2021-04-29 19:00:00,NEPT,-381.451,-381.451,0.0
2021-04-29 22:00:00,2021-04-29 18:00:00,2021-04-29 23:00:00,2021-04-29 19:00:00,NIPS,-1534.0,0.0,1534.0
2021-04-29 22:00:00,2021-04-29 18:00:00,2021-04-29 23:00:00,2021-04-29 19:00:00,NYIS,221.283,-11.525,-232.808
2021-04-29 22:00:00,2021-04-29 18:00:00,2021-04-29 23:00:00,2021-04-29 19:00:00,SIGE,0.0,0.0,0.0
2021-04-29 22:00:00,2021-04-29 18:00:00,2021-04-29 23:00:00,2021-04-29 19:00:00,TVA,676.0,108.0,-568.0
2021-04-29 22:00:00,2021-04-29 18:00:00,2021-04-29 23:00:00,2021-04-29 19:00:00,WEC,1060.0,0.0,-1060.0
2021-04-29 23:00:00,2021-04-29 19:00:00,2021-04-30 00:00:00,2021-04-29 20:00:00,ALTE,-187.0,-300.0,-113.0
2021-04-29 23:00:00,2021-04-29 19:00:00,2021-04-30 00:00:00,2021-04-29 20:00:00,ALTW,19.0,0.0,-19.0
2021-04-29 23:00:00,2021-04-29 19:00:00,2021-04-30 00:00:00,2021-04-29 20:00:00,AMIL,-33.0,0.0,33.0
2021-04-29 23:00:00,2021-04-29 19:00:00,2021-04-30 00:00:00,2021-04-29 20:00:00,CIN,-901.0,-800.0,101.0
2021-04-29 23:00:00,2021-04-29 19:00:00,2021-04-30 00:00:00,2021-04-29 20:00:00,CPLE,141.0,-49.0,-190.0
2021-04-29 23:00:00,2021-04-29 19:00:00,2021-04-30 00:00:00,2021-04-29 20:00:00,CPLW,-75.0,0.0,75.0
2021-04-29 23:00:00,2021-04-29 19:00:00,2021-04-30 00:00:00,2021-04-29 20:00:00,CWLP,-46.0,0.0,46.0
2021-04-29 23:00:00,2021-04-29 19:00:00,2021-04-30 00:00:00,2021-04-29 20:00:00,DUK,155.0,367.0,212.0
2021-04-29 23:00:00,2021-04-29 19:00:00,2021-04-30 00:00:00,2021-04-29 20:00:00,HUDS,-125.076,-125.076,0.0
2021-04-29 23:00:00,2021-04-29 19:00:00,2021-04-30 00:00:00,2021-04-29 20:00:00,IPL,-322.0,-50.0,272.0
2021-04-29 23:00:00,2021-04-29 19:00:00,2021-04-30 00:00:00,2021-04-29 20:00:00,LAGN,0.0,0.0,0.0
2021-04-29 23:00:00,2021-04-29 19:00:00,2021-04-30 00:00:00,2021-04-29 20:00:00,LGEE,279.0,198.0,-81.0
2021-04-29 23:00:00,2021-04-29 19:00:00,2021-04-30 00:00:00,2021-04-29 20:00:00,LIND,-321.026,-321.026,0.0
2021-04-29 23:00:00,2021-04-29 19:00:00,2021-04-30 00:00:00,2021-04-29 20:00:00,MDU,0.0,7.0,7.0
2021-04-29 23:00:00,2021-04-29 19:00:00,2021-04-30 00:00:00,2021-04-29 20:00:00,MEC,-1059.0,-647.0,412.0
2021-04-29 23:00:00,2021-04-29 19:00:00,2021-04-30 00:00:00,2021-04-29 20:00:00,MECS,250.0,-500.0,-750.0
2021-04-29 23:00:00,2021-04-29 19:00:00,2021-04-30 00:00:00,2021-04-29 20:00:00,NEPT,-381.396,-381.396,0.0
2021-04-29 23:00:00,2021-04-29 19:00:00,2021-04-30 00:00:00,2021-04-29 20:00:00,NIPS,-1606.0,0.0,1606.0
2021-04-29 23:00:00,2021-04-29 19:00:00,2021-04-30 00:00:00,2021-04-29 20:00:00,NYIS,226.562,22.337,-204.225
2021-04-29 23:00:00,2021-04-29 19:00:00,2021-04-30 00:00:00,2021-04-29 20:00:00,SIGE,6.0,0.0,-6.0
2021-04-29 23:00:00,2021-04-29 19:00:00,2021-04-30 00:00:00,2021-04-29 20:00:00,TVA,365.0,109.0,-256.0
2021-04-29 23:00:00,2021-04-29 19:00:00,2021-04-30 00:00:00,2021-04-29 20:00:00,WEC,1179.0,0.0,-1179.0
2021-04-30 00:00:00,2021-04-29 20:00:00,2021-04-30 01:00:00,2021-04-29 21:00:00,ALTE,-71.0,-300.0,-229.0
2021-04-30 00:00:00,2021-04-29 20:00:00,2021-04-30 01:00:00,2021-04-29 21:00:00,ALTW,-16.0,0.0,16.0
2021-04-30 00:00:00,2021-04-29 20:00:00,2021-04-30 01:00:00,2021-04-29 21:00:00,AMIL,-427.0,0.0,427.0
2021-04-30 00:00:00,2021-04-29 20:00:00,2021-04-30 01:00:00,2021-04-29 21:00:00,CIN,-1013.0,-825.0,188.0
2021-04-30 00:00:00,2021-04-29 20:00:00,2021-04-30 01:00:00,2021-04-29 21:00:00,CPLE,21.0,-85.0,-106.0
2021-04-30 00:00:00,2021-04-29 20:00:00,2021-04-30 01:00:00,2021-04-29 21:00:00,CPLW,-77.0,0.0,77.0
2021-04-30 00:00:00,2021-04-29 20:00:00,2021-04-30 01:00:00,2021-04-29 21:00:00,CWLP,-60.0,0.0,60.0
2021-04-30 00:00:00,2021-04-29 20:00:00,2021-04-30 01:00:00,2021-04-29 21:00:00,DUK,110.0,372.0,262.0
2021-04-30 00:00:00,2021-04-29 20:00:00,2021-04-30 01:00:00,2021-04-29 21:00:00,HUDS,-247.02,-247.02,0.0
2021-04-30 00:00:00,2021-04-29 20:00:00,2021-04-30 01:00:00,2021-04-29 21:00:00,IPL,-449.0,-50.0,399.0
2021-04-30 00:00:00,2021-04-29 20:00:00,2021-04-30 01:00:00,2021-04-29 21:00:00,LAGN,0.0,0.0,0.0
2021-04-30 00:00:00,2021-04-29 20:00:00,2021-04-30 01:00:00,2021-04-29 21:00:00,LGEE,12.0,-52.0,-64.0
2021-04-30 00:00:00,2021-04-29 20:00:00,2021-04-30 01:00:00,2021-04-29 21:00:00,LIND,-318.6,-318.6,0.0
2021-04-30 00:00:00,2021-04-29 20:00:00,2021-04-30 01:00:00,2021-04-29 21:00:00,MDU,0.0,7.0,7.0
2021-04-30 00:00:00,2021-04-29 20:00:00,2021-04-30 01:00:00,2021-04-29 21:00:00,MEC,-1065.0,-647.0,418.0
2021-04-30 00:00:00,2021-04-29 20:00:00,2021-04-30 01:00:00,2021-04-29 21:00:00,MECS,867.0,-500.0,-1367.0
2021-04-30 00:00:00,2021-04-29 20:00:00,2021-04-30 01:00:00,2021-04-29 21:00:00,NEPT,-381.479,-381.479,0.0
2021-04-30 00:00:00,2021-04-29 20:00:00,2021-04-30 01:00:00,2021-04-29 21:00:00,NIPS,-1672.0,0.0,1672.0
2021-04-30 00:00:00,2021-04-29 20:00:00,2021-04-30 01:00:00,2021-04-29 21:00:00,NYIS,358.338,-33.177,-391.515
2021-04-30 00:00:00,2021-04-29 20:00:00,2021-04-30 01:00:00,2021-04-29 21:00:00,SIGE,13.0,0.0,-13.0
2021-04-30 00:00:00,2021-04-29 20:00:00,2021-04-30 01:00:00,2021-04-29 21:00:00,TVA,218.0,109.0,-109.0
2021-04-30 00:00:00,2021-04-29 20:00:00,2021-04-30 01:00:00,2021-04-29 21:00:00,WEC,1182.0,0.0,-1182.0
2021-04-30 01:00:00,2021-04-29 21:00:00,2021-04-30 02:00:00,2021-04-29 22:00:00,ALTE,-197.0,-330.0,-133.0
2021-04-30 01:00:00,2021-04-29 21:00:00,2021-04-30 02:00:00,2021-04-29 22:00:00,ALTW,-246.0,-100.0,146.0
2021-04-30 01:00:00,2021-04-29 21:00:00,2021-04-30 02:00:00,2021-04-29 22:00:00,AMIL,-586.0,0.0,586.0
2021-04-30 01:00:00,2021-04-29 21:00:00,2021-04-30 02:00:00,2021-04-29 22:00:00,CIN,-1025.0,-775.0,250.0
2021-04-30 01:00:00,2021-04-29 21:00:00,2021-04-30 02:00:00,2021-04-29 22:00:00,CPLE,-133.0,-210.0,-77.0
2021-04-30 01:00:00,2021-04-29 21:00:00,2021-04-30 02:00:00,2021-04-29 22:00:00,CPLW,-76.0,0.0,76.0
2021-04-30 01:00:00,2021-04-29 21:00:00,2021-04-30 02:00:00,2021-04-29 22:00:00,CWLP,-83.0,0.0,83.0
2021-04-30 01:00:00,2021-04-29 21:00:00,2021-04-30 02:00:00,2021-04-29 22:00:00,DUK,128.0,363.0,235.0
2021-04-30 01:00:00,2021-04-29 21:00:00,2021-04-30 02:00:00,2021-04-29 22:00:00,HUDS,-188.628,-188.628,0.0
2021-04-30 01:00:00,2021-04-29 21:00:00,2021-04-30 02:00:00,2021-04-29 22:00:00,IPL,-447.0,-150.0,297.0
2021-04-30 01:00:00,2021-04-29 21:00:00,2021-04-30 02:00:00,2021-04-29 22:00:00,LAGN,0.0,0.0,0.0
2021-04-30 01:00:00,2021-04-29 21:00:00,2021-04-30 02:00:00,2021-04-29 22:00:00,LGEE,61.0,-52.0,-113.0
2021-04-30 01:00:00,2021-04-29 21:00:00,2021-04-30 02:00:00,2021-04-29 22:00:00,LIND,-100.181,-100.181,0.0
2021-04-30 01:00:00,2021-04-29 21:00:00,2021-04-30 02:00:00,2021-04-29 22:00:00,MDU,0.0,85.0,85.0
2021-04-30 01:00:00,2021-04-29 21:00:00,2021-04-30 02:00:00,2021-04-29 22:00:00,MEC,-1092.0,-647.0,445.0
2021-04-30 01:00:00,2021-04-29 21:00:00,2021-04-30 02:00:00,2021-04-29 22:00:00,MECS,1548.0,-500.0,-2048.0
2021-04-30 01:00:00,2021-04-29 21:00:00,2021-04-30 02:00:00,2021-04-29 22:00:00,NEPT,-381.48,-381.48,0.0
2021-04-30 01:00:00,2021-04-29 21:00:00,2021-04-30 02:00:00,2021-04-29 22:00:00,NIPS,-1570.0,0.0,1570.0
2021-04-30 01:00:00,2021-04-29 21:00:00,2021-04-30 02:00:00,2021-04-29 22:00:00,NYIS,220.601,-0.445,-221.046
2021-04-30 01:00:00,2021-04-29 21:00:00,2021-04-30 02:00:00,2021-04-29 22:00:00,SIGE,31.0,0.0,-31.0
2021-04-30 01:00:00,2021-04-29 21:00:00,2021-04-30 02:00:00,2021-04-29 22:00:00,TVA,130.0,44.0,-86.0
2021-04-30 01:00:00,2021-04-29 21:00:00,2021-04-30 02:00:00,2021-04-29 22:00:00,WEC,990.0,0.0,-990.0
2021-04-30 02:00:00,2021-04-29 22:00:00,2021-04-30 03:00:00,2021-04-29 23:00:00,ALTE,-347.0,-337.5,9.5
2021-04-30 02:00:00,2021-04-29 22:00:00,2021-04-30 03:00:00,2021-04-29 23:00:00,ALTW,-449.0,-112.75,336.25
2021-04-30 02:00:00,2021-04-29 22:00:00,2021-04-30 03:00:00,2021-04-29 23:00:00,AMIL,-387.0,-50.0,337.0
2021-04-30 02:00:00,2021-04-29 22:00:00,2021-04-30 03:00:00,2021-04-29 23:00:00,CIN,-965.0,-825.0,140.0
2021-04-30 02:00:00,2021-04-29 22:00:00,2021-04-30 03:00:00,2021-04-29 23:00:00,CPLE,40.0,-150.0,-190.0
2021-04-30 02:00:00,2021-04-29 22:00:00,2021-04-30 03:00:00,2021-04-29 23:00:00,CPLW,-73.0,0.0,73.0
2021-04-30 02:00:00,2021-04-29 22:00:00,2021-04-30 03:00:00,2021-04-29 23:00:00,CWLP,-77.0,0.0,77.0
2021-04-30 02:00:00,2021-04-29 22:00:00,2021-04-30 03:00:00,2021-04-29 23:00:00,DUK,105.0,119.0,14.0
2021-04-30 02:00:00,2021-04-29 22:00:00,2021-04-30 03:00:00,2021-04-29 23:00:00,HUDS,-62.976,-62.976,0.0
2021-04-30 02:00:00,2021-04-29 22:00:00,2021-04-30 03:00:00,2021-04-29 23:00:00,IPL,-401.0,-150.0,251.0
2021-04-30 02:00:00,2021-04-29 22:00:00,2021-04-30 03:00:00,2021-04-29 23:00:00,LAGN,0.0,0.0,0.0
2021-04-30 02:00:00,2021-04-29 22:00:00,2021-04-30 03:00:00,2021-04-29 23:00:00,LGEE,233.0,-52.0,-285.0
2021-04-30 02:00:00,2021-04-29 22:00:00,2021-04-30 03:00:00,2021-04-29 23:00:00,LIND,-244.606,-244.606,0.0
2021-04-30 02:00:00,2021-04-29 22:00:00,2021-04-30 03:00:00,2021-04-29 23:00:00,MDU,0.0,95.0,95.0
2021-04-30 02:00:00,2021-04-29 22:00:00,2021-04-30 03:00:00,2021-04-29 23:00:00,MEC,-1045.0,-647.0,398.0
2021-04-30 02:00:00,2021-04-29 22:00:00,2021-04-30 03:00:00,2021-04-29 23:00:00,MECS,1149.0,-525.0,-1674.0
2021-04-30 02:00:00,2021-04-29 22:00:00,2021-04-30 03:00:00,2021-04-29 23:00:00,NEPT,-381.355,-381.355,0.0
2021-04-30 02:00:00,2021-04-29 22:00:00,2021-04-30 03:00:00,2021-04-29 23:00:00,NIPS,-1393.0,0.0,1393.0
2021-04-30 02:00:00,2021-04-29 22:00:00,2021-04-30 03:00:00,2021-04-29 23:00:00,NYIS,-70.623,-39.127,31.496
2021-04-30 02:00:00,2021-04-29 22:00:00,2021-04-30 03:00:00,2021-04-29 23:00:00,SIGE,26.0,0.0,-26.0
2021-04-30 02:00:00,2021-04-29 22:00:00,2021-04-30 03:00:00,2021-04-29 23:00:00,TVA,222.0,0.0,-222.0
2021-04-30 02:00:00,2021-04-29 22:00:00,2021-04-30 03:00:00,2021-04-29 23:00:00,WEC,802.0,0.0,-802.0
2021-04-30 03:00:00,2021-04-29 23:00:00,2021-04-30 04:00:00,2021-04-30 00:00:00,ALTE,-489.0,-407.5,81.5
2021-04-30 03:00:00,2021-04-29 23:00:00,2021-04-30 04:00:00,2021-04-30 00:00:00,ALTW,-624.0,-100.0,524.0
2021-04-30 03:00:00,2021-04-29 23:00:00,2021-04-30 04:00:00,2021-04-30 00:00:00,AMIL,-381.0,-100.0,281.0
2021-04-30 03:00:00,2021-04-29 23:00:00,2021-04-30 04:00:00,2021-04-30 00:00:00,CIN,-934.0,-775.0,159.0
2021-04-30 03:00:00,2021-04-29 23:00:00,2021-04-30 04:00:00,2021-04-30 00:00:00,CPLE,41.0,18.0,-23.0
2021-04-30 03:00:00,2021-04-29 23:00:00,2021-04-30 04:00:00,2021-04-30 00:00:00,CPLW,-72.0,0.0,72.0
2021-04-30 03:00:00,2021-04-29 23:00:00,2021-04-30 04:00:00,2021-04-30 00:00:00,CWLP,-87.0,0.0,87.0
2021-04-30 03:00:00,2021-04-29 23:00:00,2021-04-30 04:00:00,2021-04-30 00:00:00,DUK,84.0,0.0,-84.0
2021-04-30 03:00:00,2021-04-29 23:00:00,2021-04-30 04:00:00,2021-04-30 00:00:00,HUDS,-8.76,-8.76,0.0
2021-04-30 03:00:00,2021-04-29 23:00:00,2021-04-30 04:00:00,2021-04-30 00:00:00,IPL,-344.0,-325.0,19.0
2021-04-30 03:00:00,2021-04-29 23:00:00,2021-04-30 04:00:00,2021-04-30 00:00:00,LAGN,0.0,0.0,0.0
2021-04-30 03:00:00,2021-04-29 23:00:00,2021-04-30 04:00:00,2021-04-30 00:00:00,LGEE,208.0,-42.0,-250.0
2021-04-30 03:00:00,2021-04-29 23:00:00,2021-04-30 04:00:00,2021-04-30 00:00:00,LIND,-13.529,-13.529,0.0
2021-04-30 03:00:00,2021-04-29 23:00:00,2021-04-30 04:00:00,2021-04-30 00:00:00,MDU,0.0,69.0,69.0
2021-04-30 03:00:00,2021-04-29 23:00:00,2021-04-30 04:00:00,2021-04-30 00:00:00,MEC,-1018.0,-647.0,371.0
2021-04-30 03:00:00,2021-04-29 23:00:00,2021-04-30 04:00:00,2021-04-30 00:00:00,MECS,627.0,-635.0,-1262.0
2021-04-30 03:00:00,2021-04-29 23:00:00,2021-04-30 04:00:00,2021-04-30 00:00:00,NEPT,-381.406,-381.406,0.0
2021-04-30 03:00:00,2021-04-29 23:00:00,2021-04-30 04:00:00,2021-04-30 00:00:00,NIPS,-1282.0,0.0,1282.0
2021-04-30 03:00:00,2021-04-29 23:00:00,2021-04-30 04:00:00,2021-04-30 00:00:00,NYIS,90.033,19.749,-70.284
2021-04-30 03:00:00,2021-04-29 23:00:00,2021-04-30 04:00:00,2021-04-30 00:00:00,SIGE,17.0,0.0,-17.0
2021-04-30 03:00:00,2021-04-29 23:00:00,2021-04-30 04:00:00,2021-04-30 00:00:00,TVA,414.0,0.0,-414.0
2021-04-30 03:00:00,2021-04-29 23:00:00,2021-04-30 04:00:00,2021-04-30 00:00:00,WEC,560.0,-200.0,-760.0
